# table produced by mapDamage version 2.0.3
# using mapped file tmp2.sam and ../BmelReference/GCF_000007125.1_ASM712v1_genomic.fna as reference file
# Chr: reference from sam/bam header, End: from which termini of DNA sequences, Std: strand of reads
Chr	End	Std	Pos	A	C	G	T	Total	G>A	C>T	A>G	T>C	A>C	A>T	C>G	C>A	T>G	T>A	G>C	G>T	A>-	T>-	C>-	G>-	->A	->T	->C	->G	S
*	3p	+	1	15194	8859	16862	9820	50735	3109	8	18	18	4	3	9	15	5	8	5	12	0	0	0	0	0	0	0	0	1
*	3p	+	2	13198	12601	13755	11180	50734	1543	17	12	22	6	4	11	14	6	3	3	8	0	0	0	0	0	0	0	1	1
*	3p	+	3	11597	13736	13616	11785	50734	869	9	9	12	5	5	7	16	4	7	4	4	0	1	0	0	0	0	0	1	1
*	3p	+	4	11844	13349	14382	11159	50734	559	11	16	11	10	6	5	17	5	8	7	20	2	0	0	0	0	0	0	1	0
*	3p	+	5	11284	14239	14158	11054	50735	470	12	14	17	8	3	1	25	1	11	4	11	2	1	0	0	0	0	0	0	0
*	3p	+	6	10770	13823	15098	11041	50732	335	8	10	16	1	2	6	18	6	19	7	16	1	1	1	1	1	0	2	0	0
*	3p	+	7	11481	13778	14580	10893	50732	315	15	10	11	2	3	8	24	4	26	2	21	2	0	0	0	3	0	0	0	0
*	3p	+	8	10912	13642	15515	10664	50733	286	7	6	6	2	2	5	15	8	18	3	19	1	1	0	1	0	0	2	0	0
*	3p	+	9	10910	14409	14485	10921	50725	229	18	15	13	3	2	5	20	1	25	5	11	1	1	2	1	0	2	3	5	0
*	3p	+	10	11166	13879	14597	11085	50727	225	10	12	18	7	4	7	15	4	25	5	11	0	1	3	2	3	1	0	4	0
*	3p	+	11	11189	13762	15013	10770	50734	228	11	16	9	4	0	9	24	5	39	5	13	0	5	0	3	0	0	0	1	0
*	3p	+	12	10878	14111	14378	11363	50730	196	15	13	13	3	2	5	17	2	22	4	17	0	1	6	3	1	0	1	3	0
*	3p	+	13	11638	13554	14349	11190	50731	253	10	13	9	2	1	3	11	5	24	6	10	2	2	3	2	2	0	0	2	0
*	3p	+	14	11199	13940	14839	10753	50731	239	10	12	10	5	3	3	15	3	11	3	18	0	2	1	1	0	1	1	2	0
*	3p	+	15	11049	14137	14569	10979	50734	227	13	17	15	2	0	5	9	7	12	7	16	0	4	2	2	1	0	0	0	0
*	3p	+	16	11691	13625	14321	11094	50731	213	12	5	8	2	1	4	12	1	9	2	17	2	1	3	2	1	0	0	3	0
*	3p	+	17	11181	13896	14915	10740	50732	246	13	9	9	5	2	2	9	4	6	1	19	0	2	2	4	0	1	0	2	0
*	3p	+	18	11274	14119	14377	10962	50732	257	12	8	8	7	2	3	11	3	5	2	17	0	2	4	3	1	0	1	1	0
*	3p	+	19	11540	13522	14473	11200	50735	271	15	11	11	3	3	2	9	3	6	0	21	1	1	2	3	0	0	0	0	0
*	3p	+	20	11116	14005	14662	10948	50731	275	15	19	10	2	1	4	11	4	9	3	21	0	2	4	2	0	3	0	1	0
*	3p	+	21	11060	14189	14132	11351	50732	284	25	15	12	4	2	5	14	5	5	2	13	2	0	4	1	1	1	1	0	0
*	3p	+	22	11683	13378	14399	11271	50731	272	18	9	13	3	3	4	11	2	2	2	13	1	0	1	1	2	0	0	2	0
*	3p	+	23	11442	13800	14584	10905	50731	272	20	5	13	3	1	0	8	2	7	5	17	1	1	1	0	1	0	2	1	0
*	3p	+	24	11108	14258	14184	11179	50729	274	21	10	11	3	5	5	14	4	6	4	22	0	1	1	1	2	0	2	2	0
*	3p	+	25	11574	13675	14275	11208	50732	243	20	9	8	3	3	4	16	3	6	2	14	0	2	2	1	1	0	1	1	0
*	3p	+	26	11246	14053	14625	10805	50729	250	24	14	20	5	4	3	10	1	5	2	26	1	0	0	2	3	0	1	2	0
*	3p	+	27	11065	14193	14313	11161	50732	244	25	7	15	1	2	4	7	1	3	2	14	0	0	4	1	0	1	1	1	0
*	3p	+	28	11574	13693	14281	11180	50728	244	25	10	10	4	3	2	8	1	1	3	19	1	2	3	0	2	2	0	3	0
*	3p	+	29	11088	13835	14801	11009	50733	251	32	8	11	4	2	3	6	0	7	4	21	0	1	1	2	0	0	0	1	0
*	3p	+	30	11066	14033	14166	11469	50734	223	25	9	10	5	1	1	13	2	7	3	21	1	1	1	0	0	0	0	1	0
*	3p	+	31	11513	13578	14411	11230	50732	220	24	6	6	3	2	3	6	3	4	3	21	1	1	4	1	0	2	0	0	0
*	3p	+	32	11150	14149	14609	10823	50731	209	35	4	6	5	2	0	7	1	4	2	13	0	2	1	1	1	0	0	1	0
*	3p	+	33	10961	14279	14218	11273	50731	207	21	9	10	2	3	4	11	3	3	3	23	0	1	2	3	0	1	0	1	0
*	3p	+	34	11425	13669	14298	11340	50732	195	22	8	11	1	2	2	5	3	2	2	19	0	1	5	2	0	0	0	0	0
*	3p	+	35	11170	13929	14542	11091	50732	205	25	9	15	1	4	3	7	1	5	2	16	0	0	2	2	0	0	0	0	0
*	3p	+	36	10956	14281	13928	11487	50652	189	25	9	10	2	1	2	10	5	6	1	19	0	0	0	1	1	0	0	0	0
*	3p	+	37	11520	13531	14160	11344	50555	170	26	9	11	5	1	3	14	1	4	2	16	3	0	0	1	1	0	1	1	0
*	3p	+	38	11039	14069	14346	10981	50435	181	30	17	8	7	2	0	9	1	5	3	23	0	0	2	0	1	2	1	0	0
*	3p	+	39	10866	14072	14113	11255	50306	197	31	9	13	2	0	2	5	1	4	3	21	0	2	3	1	0	0	2	3	0
*	3p	+	40	11629	13596	13947	10999	50171	165	23	3	8	2	4	3	5	2	4	4	20	1	0	0	3	0	1	0	1	0
*	3p	+	41	10907	13897	14620	10612	50036	166	26	10	17	2	1	1	6	0	6	3	21	1	1	2	4	0	0	1	0	0
*	3p	+	42	10864	14035	13793	11195	49887	157	25	11	10	6	2	2	6	6	4	2	16	0	2	2	2	0	0	1	0	0
*	3p	+	43	11324	13427	13763	11202	49716	151	31	8	5	3	1	4	2	2	4	2	23	0	0	1	2	0	0	0	1	0
*	3p	+	44	11019	13539	14182	10738	49478	132	39	8	7	2	1	2	11	4	1	3	28	3	1	1	3	0	1	0	2	0
*	3p	+	45	10807	13786	13521	11176	49290	135	25	11	7	2	2	5	8	4	3	4	18	2	0	3	2	1	1	0	1	0
*	3p	+	46	11055	13320	13707	10998	49080	155	25	8	7	5	1	1	4	2	2	5	12	0	1	1	0	1	0	0	0	0
*	3p	+	47	10693	13584	13834	10705	48816	145	15	11	13	0	5	3	8	5	2	4	16	2	1	2	3	0	2	0	0	0
*	3p	+	48	10620	13515	13505	10917	48557	121	19	9	9	1	3	5	2	1	1	2	14	0	0	2	4	0	0	2	1	0
*	3p	+	49	10991	13209	13195	10903	48298	116	42	7	5	0	4	3	2	4	3	4	15	0	1	4	0	2	1	2	0	0
*	3p	+	50	10482	13443	13561	10538	48024	117	19	11	10	3	1	7	4	2	1	2	18	1	1	0	5	0	1	0	0	0
*	3p	+	51	10169	13435	13339	10788	47731	129	23	12	13	2	0	6	7	7	3	3	22	1	1	0	1	0	0	0	0	0
*	3p	+	52	10766	12810	13083	10781	47440	95	23	13	6	3	4	1	4	3	4	2	23	0	0	0	1	0	0	0	1	0
*	3p	+	53	10318	13032	13361	10418	47129	115	28	12	7	3	1	2	7	2	6	3	19	0	1	2	6	0	1	0	0	0
*	3p	+	54	10100	13143	12806	10745	46794	115	22	9	5	3	5	6	6	2	2	4	21	0	1	0	3	0	0	2	0	0
*	3p	+	55	10414	12724	12890	10459	46487	89	29	4	10	1	1	1	5	3	1	2	22	0	0	2	0	0	2	3	0	0
*	3p	+	56	10124	12785	12961	10295	46165	91	37	9	13	5	0	1	1	3	2	0	15	1	0	1	0	0	2	0	1	0
*	3p	+	57	10053	12915	12485	10319	45772	90	26	6	14	1	0	4	2	1	2	0	14	0	0	2	2	0	1	0	2	0
*	3p	+	58	10235	12185	12669	10292	45381	108	28	10	9	5	3	4	4	3	3	2	18	0	0	2	3	0	0	0	2	0
*	3p	+	59	9923	12501	12706	9864	44994	87	20	9	15	1	0	1	8	0	2	1	20	2	0	0	0	0	0	0	0	0
*	3p	+	60	9632	12559	12343	10101	44635	88	29	5	6	1	2	3	9	1	3	3	17	1	1	1	0	0	0	0	0	0
*	3p	+	61	10096	11811	12261	10067	44235	97	22	5	4	1	1	2	8	2	3	2	25	1	2	1	1	0	0	1	0	0
*	3p	+	62	9516	12439	12372	9524	43851	81	25	8	12	2	0	4	4	3	0	1	16	1	0	0	2	0	0	0	0	0
*	3p	+	63	9246	12379	11913	9886	43424	79	26	7	8	1	3	5	5	2	0	4	20	1	1	0	2	0	2	0	0	0
*	3p	+	64	9755	11572	11861	9781	42969	69	20	9	10	3	3	2	7	2	0	2	21	1	0	3	1	1	1	1	0	0
*	3p	+	65	9359	11855	12063	9241	42518	85	21	8	8	2	0	2	4	2	2	3	17	1	0	1	0	1	1	0	1	0
*	3p	+	66	9081	11825	11609	9520	42035	74	22	4	10	0	2	4	4	3	1	3	11	0	0	2	1	2	0	2	2	0
*	3p	+	67	9394	11265	11394	9491	41544	80	36	10	6	1	2	0	7	2	1	1	13	0	0	3	1	2	1	2	1	0
*	3p	+	68	8867	11520	11771	8917	41075	73	25	7	12	2	0	0	6	4	2	4	17	4	0	4	1	0	1	0	0	0
*	3p	+	69	8568	11554	11155	9255	40532	60	22	8	7	2	1	2	3	2	2	2	16	0	1	1	3	0	0	0	0	0
*	3p	+	70	8942	10916	11073	9092	40023	70	26	2	8	4	2	2	7	6	0	1	9	0	1	0	1	0	1	0	0	0
*	3p	-	1	15181	9155	16905	9607	50848	3137	8	15	22	3	6	7	20	7	11	6	3	0	0	0	0	0	0	0	0	0
*	3p	-	2	12861	12903	13849	11235	50848	1493	19	21	15	7	6	6	12	8	7	7	10	0	0	0	0	0	0	0	0	0
*	3p	-	3	11673	13914	13646	11615	50848	851	12	12	13	5	2	6	25	3	11	8	13	0	0	0	0	0	0	0	0	0
*	3p	-	4	12023	13347	14339	11139	50848	549	9	13	16	5	6	5	16	4	4	6	26	0	0	0	0	0	0	0	0	0
*	3p	-	5	11335	14380	14160	10969	50844	429	10	11	12	2	2	4	19	5	8	7	16	0	0	0	0	0	1	1	2	0
*	3p	-	6	10529	14037	15041	11239	50846	349	14	11	20	3	2	7	21	3	22	9	10	0	1	0	2	0	0	2	0	0
*	3p	-	7	11512	13908	14498	10927	50845	292	14	7	9	8	2	6	20	2	32	6	16	0	0	0	0	1	0	1	1	0
*	3p	-	8	11047	13811	15221	10767	50846	258	14	15	16	4	0	4	21	4	26	3	8	0	2	3	2	0	0	1	1	0
*	3p	-	9	10979	14410	14649	10806	50844	228	13	12	12	6	2	2	19	4	28	6	13	1	2	2	1	1	1	1	1	0
*	3p	-	10	11306	13892	14661	10985	50844	245	12	5	9	4	4	6	17	1	27	5	11	0	2	2	3	0	0	2	2	0
*	3p	-	11	11195	14069	15045	10534	50843	202	10	8	10	3	1	1	13	1	29	3	10	0	1	6	3	0	1	3	1	0
*	3p	-	12	10976	14211	14265	11390	50842	221	14	10	10	3	5	4	14	4	22	2	13	0	3	5	5	3	0	1	2	0
*	3p	-	13	11646	13726	14244	11226	50842	186	12	13	7	2	1	2	9	4	24	1	15	3	1	5	3	3	2	0	1	0
*	3p	-	14	11312	14103	14760	10668	50843	222	12	11	11	2	2	1	14	6	23	4	12	1	1	2	3	0	1	2	2	0
*	3p	-	15	11118	14215	14523	10990	50846	259	10	6	6	2	0	7	16	1	4	3	15	0	1	1	4	0	1	1	0	0
*	3p	-	16	11679	13614	14405	11147	50845	249	15	16	12	5	2	3	8	5	7	2	24	0	2	0	3	1	0	0	2	0
*	3p	-	17	11272	13988	14722	10864	50846	253	6	11	11	5	2	1	16	4	6	3	15	2	0	1	4	2	0	0	0	0
*	3p	-	18	11208	14212	14367	11058	50845	247	16	7	9	5	3	1	17	0	10	4	15	1	4	1	5	2	0	0	1	0
*	3p	-	19	11482	13620	14479	11264	50845	262	17	8	9	3	3	3	14	6	6	2	17	0	1	0	0	1	1	1	0	0
*	3p	-	20	11240	14066	14674	10863	50843	269	7	6	8	2	2	2	4	1	8	3	23	1	0	3	1	0	2	1	2	0
*	3p	-	21	11095	14152	14256	11340	50843	290	7	8	14	6	1	2	13	2	10	2	11	1	1	1	1	2	1	1	1	0
*	3p	-	22	11444	13830	14270	11301	50845	274	15	9	13	3	4	3	7	3	3	2	14	1	0	1	2	2	0	0	1	0
*	3p	-	23	11258	14093	14616	10880	50847	253	24	12	10	3	1	6	11	3	4	2	12	0	3	3	3	0	0	1	0	0
*	3p	-	24	11191	14066	14494	11095	50846	227	14	14	15	4	0	5	12	2	4	5	10	1	0	2	2	1	0	1	0	0
*	3p	-	25	11699	13745	14112	11291	50847	246	11	11	10	1	3	6	8	2	5	4	13	4	0	1	3	1	0	0	0	0
*	3p	-	26	11410	13921	14575	10939	50845	223	20	13	6	5	0	4	10	4	5	0	9	1	1	1	6	1	1	0	1	0
*	3p	-	27	11170	14156	14243	11273	50842	241	15	8	11	4	2	2	9	2	4	4	24	1	0	0	1	0	4	1	1	0
*	3p	-	28	11580	13705	14143	11420	50848	250	14	10	11	2	2	1	12	3	5	2	23	0	0	2	2	0	0	0	0	0
*	3p	-	29	11338	14157	14559	10794	50848	233	29	8	7	3	2	5	15	2	6	1	23	0	0	1	2	0	0	0	0	0
*	3p	-	30	11124	14322	14337	11062	50845	219	19	10	9	1	1	3	9	3	4	6	21	0	1	0	1	1	1	0	1	0
*	3p	-	31	11577	13684	14181	11403	50845	224	30	12	11	4	0	0	12	2	7	4	15	1	0	0	1	0	0	1	1	0
*	3p	-	32	11313	14041	14431	11058	50843	230	23	9	10	1	2	3	7	3	3	3	13	0	0	1	2	2	2	0	0	0
*	3p	-	33	11106	14315	14014	11410	50845	204	16	11	4	4	1	4	9	2	6	3	9	0	1	2	2	0	0	1	0	0
*	3p	-	34	11586	13798	14121	11338	50843	202	24	8	7	3	0	4	8	3	3	4	19	1	0	2	1	1	1	0	1	0
*	3p	-	35	11198	14089	14567	10989	50843	195	33	7	8	5	2	3	10	4	4	3	24	0	1	2	3	1	0	0	1	0
*	3p	-	36	11000	14307	14028	11428	50763	182	24	6	9	1	3	4	10	1	7	3	16	0	1	1	2	0	1	0	0	0
*	3p	-	37	11643	13593	14143	11285	50664	174	27	11	8	3	0	4	13	4	1	2	25	1	0	1	2	0	0	1	1	0
*	3p	-	38	11155	14035	14522	10851	50563	191	28	10	12	7	2	5	7	1	4	1	15	1	3	1	3	1	0	0	1	0
*	3p	-	39	10956	14187	14055	11252	50450	154	26	14	14	2	1	7	4	2	5	2	29	0	1	1	1	0	0	0	0	0
*	3p	-	40	11434	13589	14185	11105	50313	173	31	6	11	1	1	2	7	1	3	5	19	0	1	5	2	0	0	0	0	0
*	3p	-	41	11268	13850	14403	10661	50182	157	22	6	16	0	4	3	7	4	2	2	16	0	1	4	4	0	1	0	1	0
*	3p	-	42	10981	14033	13837	11161	50012	167	18	8	10	4	2	0	3	4	3	0	26	2	3	0	1	2	1	0	1	0
*	3p	-	43	11266	13497	13916	11138	49817	159	29	12	14	3	1	5	8	2	8	4	21	2	3	0	4	0	0	1	1	0
*	3p	-	44	11040	13629	14199	10746	49614	172	30	11	11	1	2	3	4	3	1	2	19	1	3	5	2	0	0	1	0	0
*	3p	-	45	10779	13964	13481	11179	49403	160	39	8	13	0	1	2	3	1	4	3	10	0	1	2	2	0	0	0	0	0
*	3p	-	46	11251	13422	13470	11067	49210	130	28	10	13	1	3	0	9	4	2	2	20	2	2	1	5	0	2	0	0	0
*	3p	-	47	10860	13641	13795	10702	48998	154	24	18	8	2	1	0	7	4	2	2	20	1	0	2	6	0	0	0	0	0
*	3p	-	48	10476	13733	13284	11273	48766	123	30	5	9	2	3	4	2	4	6	2	14	1	1	1	0	2	0	0	0	0
*	3p	-	49	11167	13088	13338	10931	48524	135	19	11	13	3	2	2	5	3	2	1	20	2	0	1	1	0	0	0	0	0
*	3p	-	50	10562	13480	13667	10513	48222	121	27	11	10	1	1	1	5	4	2	3	12	1	1	0	0	0	1	0	1	0
*	3p	-	51	10306	13645	13130	10866	47947	109	24	13	8	4	1	4	8	2	4	3	17	0	0	1	3	0	0	1	0	0
*	3p	-	52	10671	13103	13130	10732	47636	128	27	10	9	2	4	1	4	5	1	4	13	0	1	3	2	0	0	1	0	0
*	3p	-	53	10313	13196	13432	10403	47344	103	22	10	9	1	3	4	6	5	4	2	15	0	1	2	6	0	1	1	1	0
*	3p	-	54	10201	13418	12740	10664	47023	88	32	7	7	1	2	0	4	5	3	2	19	4	0	2	2	2	0	1	0	0
*	3p	-	55	10559	12498	12926	10714	46697	110	18	10	12	2	3	5	3	3	4	3	26	4	1	1	2	0	1	2	1	0
*	3p	-	56	10200	13066	12914	10169	46349	106	35	1	10	2	0	2	7	4	1	3	18	0	2	1	1	0	2	0	2	0
*	3p	-	57	10166	12807	12741	10290	46004	104	24	9	7	1	2	3	0	1	4	5	29	2	1	0	2	1	0	3	0	0
*	3p	-	58	10278	12439	12439	10490	45646	88	34	13	14	1	0	4	6	1	1	2	17	0	1	2	2	0	2	0	0	0
*	3p	-	59	9944	12627	12638	10030	45239	79	32	9	6	5	1	0	5	5	1	2	18	0	0	1	3	0	0	2	0	0
*	3p	-	60	9696	12647	12471	10035	44849	99	32	9	9	5	3	3	5	1	0	3	15	0	0	0	3	0	1	1	0	0
*	3p	-	61	10020	12318	12278	9859	44475	91	30	6	12	1	1	1	2	2	5	5	19	2	0	3	3	0	1	0	0	0
*	3p	-	62	9549	12176	12632	9690	44047	82	29	12	10	3	0	0	4	1	5	1	15	0	0	0	3	2	0	1	0	0
*	3p	-	63	9342	12425	12026	9857	43650	94	22	6	6	2	3	2	2	5	1	0	10	1	1	2	3	0	0	0	2	0
*	3p	-	64	9723	11860	11935	9677	43195	86	30	4	7	2	1	1	9	2	2	2	18	0	0	0	3	0	0	1	2	0
*	3p	-	65	9471	12021	11891	9370	42753	79	18	9	10	2	1	1	8	1	0	3	16	0	2	2	3	0	0	0	1	0
*	3p	-	66	9199	11913	11751	9432	42295	74	26	4	10	5	1	3	2	2	1	5	20	1	4	1	4	0	0	1	0	0
*	3p	-	67	9573	11479	11299	9458	41809	50	28	11	10	2	1	1	4	5	1	1	20	0	0	0	1	0	0	0	0	0
*	3p	-	68	9163	11697	11636	8844	41340	59	22	10	5	3	1	2	0	2	0	2	19	1	0	0	2	0	0	1	0	0
*	3p	-	69	8859	11682	11080	9182	40803	68	24	13	11	1	1	2	4	1	0	1	16	0	1	3	0	1	0	1	1	0
*	3p	-	70	9136	11075	11006	9060	40277	59	26	4	7	1	3	1	6	3	1	1	29	0	0	0	1	0	0	1	0	0
*	5p	+	1	10337	14128	9704	16566	50735	16	35	13	12	6	7	3	5	4	6	7	10	0	0	0	0	0	0	0	0	0
*	5p	+	2	11438	13002	12748	13547	50735	14	164	6	14	8	2	5	8	8	5	3	17	0	0	0	0	0	0	0	0	0
*	5p	+	3	11991	12817	13981	11946	50735	11	80	13	7	5	4	2	4	0	5	6	19	0	0	0	0	0	0	0	0	0
*	5p	+	4	11355	13731	13501	12147	50734	13	89	10	12	4	3	7	6	4	2	5	23	0	0	0	0	1	0	0	0	0
*	5p	+	5	11010	14048	14610	11062	50730	12	49	13	9	2	5	3	5	2	2	3	36	0	0	0	0	2	0	2	1	0
*	5p	+	6	11210	14810	14145	10564	50729	10	45	13	11	4	1	5	0	6	2	6	21	0	0	0	1	2	1	1	2	0
*	5p	+	7	11022	14272	13926	11515	50735	7	32	13	10	2	2	3	3	2	1	3	21	0	0	1	1	0	0	0	0	0
*	5p	+	8	10539	15236	13986	10971	50732	11	32	8	11	2	1	3	2	4	0	0	21	0	0	0	0	0	0	1	2	0
*	5p	+	9	10886	14473	14591	10783	50733	6	27	11	12	5	2	4	4	2	1	3	24	2	1	1	2	1	0	0	1	0
*	5p	+	10	11135	14339	14068	11192	50734	7	22	12	8	2	2	2	2	2	2	3	29	2	1	0	0	0	0	0	1	0
*	5p	+	11	10483	14866	14293	11090	50732	6	24	9	11	1	1	5	2	5	2	4	29	1	1	0	1	0	0	1	2	0
*	5p	+	12	11330	14133	14300	10971	50734	8	35	9	12	4	1	2	6	0	0	2	26	0	0	2	2	0	0	0	1	0
*	5p	+	13	11072	14326	13658	11678	50734	6	31	4	9	1	3	1	4	3	1	1	23	1	0	0	1	0	0	0	1	0
*	5p	+	14	10609	14672	14123	11330	50734	10	29	8	4	3	2	4	5	3	0	3	29	0	1	1	1	0	0	1	0	0
*	5p	+	15	11148	14255	14488	10842	50733	8	31	12	7	1	2	2	4	5	0	1	18	2	0	0	0	0	1	0	1	0
*	5p	+	16	11178	14220	13623	11713	50734	10	32	9	12	5	1	0	4	0	1	1	18	3	1	0	0	0	0	0	1	0
*	5p	+	17	10724	14428	14341	11240	50733	23	33	8	12	6	1	3	2	0	1	2	26	0	0	1	2	0	2	0	0	0
*	5p	+	18	11051	14252	14495	10936	50734	43	32	9	6	1	1	2	3	1	3	3	27	0	0	3	3	0	1	0	0	0
*	5p	+	19	11062	14212	13953	11503	50730	49	30	9	9	4	1	2	2	1	1	1	23	0	1	1	1	2	0	3	0	0
*	5p	+	20	10855	14814	13993	11068	50730	67	31	9	8	4	5	0	3	1	1	0	24	1	1	0	0	2	1	2	0	0
*	5p	+	21	11222	13953	14611	10946	50732	90	27	6	10	3	1	5	2	2	3	1	30	0	1	0	1	0	1	0	2	0
*	5p	+	22	11323	13924	13876	11610	50733	69	43	8	7	3	2	0	4	2	3	0	21	1	1	0	0	0	0	1	1	0
*	5p	+	23	10816	14426	14149	11340	50731	81	27	10	11	2	0	1	4	0	1	5	17	0	0	0	0	1	0	3	0	0
*	5p	+	24	11304	14039	14411	10977	50731	106	24	9	3	6	3	3	6	1	1	1	21	1	1	0	5	1	2	0	1	0
*	5p	+	25	11186	13843	13993	11706	50728	126	32	11	6	1	1	3	5	2	0	5	12	1	0	2	0	0	2	3	2	0
*	5p	+	26	10625	14596	14262	11245	50728	100	36	7	11	4	4	2	2	1	0	0	13	2	0	0	0	1	2	1	3	0
*	5p	+	27	11199	13954	14629	10947	50729	131	26	13	8	2	2	1	5	2	2	1	18	0	0	0	0	0	1	3	2	0
*	5p	+	28	11136	14104	13864	11630	50734	129	25	13	8	2	1	1	3	2	1	2	23	0	1	1	2	0	0	0	1	0
*	5p	+	29	10701	14620	14288	11125	50734	151	30	7	9	2	0	3	5	5	1	4	20	0	0	2	3	1	0	0	0	0
*	5p	+	30	11190	14002	14559	10983	50734	127	35	11	9	2	0	2	7	2	4	5	8	2	1	2	2	0	0	0	1	0
*	5p	+	31	11405	13809	13958	11559	50731	117	27	10	7	3	0	1	9	6	2	4	24	1	1	1	1	0	2	0	1	0
*	5p	+	32	10789	14375	14203	11361	50728	133	30	9	11	4	2	2	3	3	1	4	28	1	0	2	1	1	1	2	2	0
*	5p	+	33	11255	13922	14563	10991	50731	134	22	4	11	4	0	2	3	1	2	6	21	2	1	4	2	1	0	1	0	0
*	5p	+	34	11415	13972	13835	11507	50729	146	29	9	15	3	3	4	7	4	3	3	25	1	2	3	3	1	1	0	1	0
*	5p	+	35	10760	14480	14359	11133	50732	169	29	10	10	3	7	6	4	3	1	1	25	0	0	2	2	0	0	0	0	0
*	5p	+	36	11288	13783	14505	11071	50647	158	33	11	14	1	2	0	3	0	2	4	27	1	1	0	0	1	1	2	2	0
*	5p	+	37	11195	13759	13933	11669	50556	188	27	16	6	2	2	5	6	2	4	4	20	0	1	1	0	1	0	0	1	0
*	5p	+	38	10782	14324	14144	11189	50439	157	21	6	12	4	4	5	5	2	2	2	21	0	0	2	0	0	0	0	0	0
*	5p	+	39	11399	13703	14329	10880	50311	192	31	13	11	1	1	4	7	2	4	2	18	1	0	1	2	0	0	0	0	0
*	5p	+	40	11125	13679	13781	11583	50168	193	23	11	6	4	4	3	5	5	1	2	19	0	0	2	2	2	1	2	0	0
*	5p	+	41	10584	14218	14218	11015	50035	207	34	6	12	5	3	6	4	4	0	1	16	0	0	3	3	0	1	1	0	0
*	5p	+	42	11117	13671	14275	10822	49885	196	25	8	8	2	0	3	4	4	2	4	19	0	0	3	3	1	0	1	1	0
*	5p	+	43	11129	13700	13517	11370	49716	173	36	11	11	2	2	2	13	3	5	5	27	1	1	3	1	0	0	0	1	0
*	5p	+	44	10699	13978	13809	10991	49477	179	30	9	11	4	4	1	3	4	6	3	19	1	1	1	3	2	1	0	1	0
*	5p	+	45	11041	13512	14081	10656	49290	216	24	13	11	2	1	2	10	3	2	3	25	1	1	1	1	2	1	0	0	0
*	5p	+	46	11204	13271	13376	11228	49079	179	26	8	14	3	2	3	12	3	7	4	19	2	3	4	1	0	1	0	1	0
*	5p	+	47	10491	13602	13890	10829	48812	208	30	7	9	0	0	3	1	3	4	2	21	1	0	3	0	0	3	1	2	0
*	5p	+	48	10901	13264	13860	10534	48559	209	27	8	14	2	2	8	6	2	2	5	16	2	0	2	1	0	1	0	0	0
*	5p	+	49	10891	13165	13260	10986	48302	213	21	11	9	3	1	3	7	2	5	3	18	0	1	1	1	0	0	1	0	0
*	5p	+	50	10484	13615	13321	10599	48019	211	25	5	23	4	1	2	11	4	4	3	12	0	0	2	1	3	0	0	3	0
*	5p	+	51	10846	12878	13706	10299	47729	212	16	12	8	5	1	4	9	4	7	2	17	0	0	0	0	1	0	0	1	0
*	5p	+	52	10657	12801	13034	10946	47438	184	21	7	13	2	2	5	7	1	9	4	17	0	1	1	1	1	0	2	0	0
*	5p	+	53	10203	13222	13246	10457	47128	231	20	11	11	5	2	1	8	2	7	2	17	1	1	2	2	0	0	1	1	0
*	5p	+	54	10706	12576	13469	10040	46791	199	17	7	15	3	2	4	7	4	5	3	11	1	1	3	4	0	1	2	2	0
*	5p	+	55	10560	12561	12707	10663	46491	224	25	8	13	3	2	2	7	2	6	3	22	0	2	2	0	0	0	0	1	0
*	5p	+	56	10123	12834	13045	10165	46167	227	22	11	7	2	2	0	14	1	5	3	18	0	0	1	2	0	0	1	0	0
*	5p	+	57	10480	12307	12988	10000	45775	210	17	6	7	2	1	6	11	1	5	2	19	0	0	1	0	0	0	0	0	0
*	5p	+	58	10359	12227	12459	10338	45383	224	9	8	10	2	2	5	3	1	9	1	19	0	0	3	3	0	0	0	0	0
*	5p	+	59	9582	12781	12525	10104	44992	198	26	6	6	3	2	2	11	3	4	1	20	0	2	3	3	0	0	1	1	0
*	5p	+	60	9807	12255	12962	9609	44633	200	16	6	7	2	0	2	9	1	2	2	22	1	1	5	2	0	0	0	2	0
*	5p	+	61	9935	12133	12252	9910	44230	188	21	4	5	0	1	5	6	4	6	0	17	0	1	2	2	2	1	1	1	0
*	5p	+	62	9302	12316	12367	9863	43848	205	16	13	12	1	1	2	6	4	8	3	20	1	1	2	1	1	1	0	1	0
*	5p	+	63	9585	11812	12669	9359	43425	249	18	10	9	4	4	5	6	4	5	2	14	2	1	3	2	0	0	1	0	0
*	5p	+	64	9889	11611	11806	9663	42969	223	19	6	13	3	1	4	10	1	5	4	13	1	1	0	1	0	0	1	1	0
*	5p	+	65	9242	11874	11913	9492	42521	244	23	8	10	1	0	9	8	2	4	2	23	0	0	1	2	0	0	0	0	0
*	5p	+	66	9465	11403	12156	9013	42037	196	17	13	6	4	3	3	12	3	8	2	12	0	1	0	4	0	3	0	1	0
*	5p	+	67	9582	11254	11397	9312	41545	195	12	3	12	1	3	2	7	1	9	4	10	0	1	0	1	1	3	0	1	0
*	5p	+	68	8854	11449	11722	9046	41071	212	12	5	8	1	1	3	4	3	2	2	19	2	0	0	1	1	1	2	1	0
*	5p	+	69	9309	10823	11719	8675	40526	217	19	8	10	4	0	1	12	2	8	1	16	3	2	0	1	1	0	3	2	0
*	5p	+	70	9145	10698	11117	9061	40021	204	17	8	5	2	3	2	6	2	7	1	17	0	2	1	2	0	2	1	0	0
*	5p	-	1	10431	14225	9276	16916	50848	7	35	4	16	4	4	2	6	3	1	2	15	0	0	0	0	0	0	0	0	0
*	5p	-	2	11543	12835	12703	13767	50848	18	181	9	8	1	1	3	5	7	4	3	24	0	0	0	0	0	0	0	0	0
*	5p	-	3	11983	12737	14080	12048	50848	13	83	13	11	4	3	3	6	4	1	4	19	0	0	0	0	0	0	0	0	0
*	5p	-	4	11706	13826	13414	11902	50848	6	65	14	7	3	2	5	3	2	5	4	16	0	0	0	0	0	0	0	0	0
*	5p	-	5	11008	14081	14561	11198	50848	6	64	6	13	3	1	3	2	7	0	5	32	0	0	0	0	0	0	0	0	0
*	5p	-	6	11364	14797	14244	10443	50848	7	51	10	13	2	4	4	1	2	2	3	17	0	0	0	1	0	0	0	0	0
*	5p	-	7	11148	14060	13904	11736	50848	13	39	7	11	5	2	3	2	3	0	1	26	0	0	0	1	0	0	0	0	0
*	5p	-	8	10636	15435	13786	10989	50846	16	26	10	11	3	1	2	9	5	1	4	19	0	0	0	0	0	1	1	0	0
*	5p	-	9	10879	14596	14562	10810	50847	11	28	8	8	4	2	3	0	2	1	5	17	0	1	0	0	0	1	0	0	0
*	5p	-	10	11202	14560	13758	11327	50847	11	39	8	4	1	1	2	6	5	1	4	18	0	0	0	3	0	1	0	0	0
*	5p	-	11	10766	15023	13813	11244	50846	12	24	13	8	5	2	3	1	6	2	1	15	1	0	2	1	0	0	0	2	0
*	5p	-	12	11267	14437	14283	10858	50845	6	31	11	12	4	3	6	1	3	2	3	31	1	1	2	0	0	1	2	0	0
*	5p	-	13	11214	14181	13789	11662	50846	5	22	12	16	2	0	2	2	8	1	3	28	1	0	0	1	0	1	0	1	0
*	5p	-	14	10719	14754	14069	11303	50845	9	24	12	13	1	1	2	7	2	1	3	25	1	1	0	2	0	0	2	0	0
*	5p	-	15	11198	14456	14347	10844	50845	11	28	12	10	4	1	1	3	4	4	2	19	1	0	0	2	0	0	2	1	0
*	5p	-	16	11285	14113	13848	11598	50844	10	30	5	8	0	3	4	2	2	0	8	20	1	0	0	2	0	2	2	0	0
*	5p	-	17	10708	14830	14129	11176	50843	27	19	9	5	0	4	5	0	3	0	2	21	0	0	0	1	1	3	0	1	0
*	5p	-	18	11014	14439	14519	10873	50845	33	28	19	8	2	0	4	2	2	2	2	16	0	0	0	2	1	0	2	0	0
*	5p	-	19	11413	14171	13784	11477	50845	38	36	12	5	4	3	4	4	1	3	2	26	0	1	0	1	2	1	0	0	0
*	5p	-	20	10836	14513	14213	11283	50845	56	36	9	13	3	2	2	8	3	0	5	17	0	0	0	2	2	0	0	1	0
*	5p	-	21	11316	14101	14491	10938	50846	74	44	14	9	7	0	1	3	2	2	3	22	0	0	0	0	1	0	0	0	0
*	5p	-	22	11497	13954	13771	11622	50844	96	29	13	12	2	1	3	2	0	3	2	22	1	0	1	0	1	1	1	1	0
*	5p	-	23	10874	14578	13922	11472	50846	75	36	9	15	1	2	2	1	0	5	4	17	0	1	0	1	0	2	0	0	0
*	5p	-	24	11381	14256	14314	10894	50845	109	24	12	6	0	1	5	1	3	1	1	19	0	3	0	2	1	0	1	0	0
*	5p	-	25	11352	14090	13853	11553	50848	96	20	13	16	3	1	2	2	8	0	3	20	0	1	2	3	0	0	0	0	0
*	5p	-	26	10769	14501	14206	11370	50846	125	35	9	15	0	3	3	4	5	2	2	15	1	1	0	1	2	0	0	0	0
*	5p	-	27	11245	14171	14489	10940	50845	113	19	12	11	1	3	1	4	2	1	2	16	0	0	0	4	2	1	0	0	0
*	5p	-	28	11306	14046	13836	11657	50845	106	23	8	6	3	1	1	5	1	3	4	29	1	0	1	2	1	1	0	1	0
*	5p	-	29	10857	14612	14055	11320	50844	125	29	8	11	3	3	1	7	2	2	3	14	0	2	1	1	1	1	2	0	0
*	5p	-	30	11171	14007	14690	10978	50846	130	26	10	6	2	1	1	2	1	0	4	28	1	0	0	2	0	0	2	0	0
*	5p	-	31	11432	14048	13802	11563	50845	111	30	6	10	1	0	2	4	3	1	2	18	1	1	0	1	0	0	1	1	0
*	5p	-	32	10985	14443	14124	11292	50844	146	21	15	13	5	2	3	6	3	2	3	16	1	3	0	2	0	0	2	1	0
*	5p	-	33	11263	13900	14595	11084	50842	134	23	9	15	3	0	3	4	2	4	1	20	1	3	0	2	2	0	1	1	0
*	5p	-	34	11556	13868	13807	11612	50843	145	28	10	9	5	2	1	2	2	2	2	21	2	1	0	1	1	0	1	1	0
*	5p	-	35	10958	14543	14176	11166	50843	150	25	11	10	3	1	1	3	3	5	2	19	0	0	1	4	1	0	1	0	0
*	5p	-	36	11435	13942	14424	10962	50763	176	27	6	1	5	4	2	6	2	4	2	27	0	1	3	0	0	1	0	0	0
*	5p	-	37	11441	13823	13701	11697	50662	166	19	8	13	6	1	1	12	7	3	3	16	1	0	0	0	0	0	2	2	0
*	5p	-	38	10895	14330	14250	11089	50564	175	27	10	9	5	1	5	8	1	3	2	11	0	1	3	2	0	0	0	1	0
*	5p	-	39	11308	13936	14465	10739	50448	167	27	9	13	8	1	3	12	3	7	4	27	2	2	3	3	1	0	0	1	0
*	5p	-	40	11385	13766	13717	11442	50310	178	31	10	10	4	3	3	5	5	4	8	13	2	0	0	1	1	0	1	1	0
*	5p	-	41	10670	14302	14073	11136	50181	163	27	14	4	0	2	2	3	3	5	3	22	1	0	3	2	0	2	1	0	0
*	5p	-	42	11284	13758	14262	10712	50016	209	30	8	8	1	0	2	12	2	4	6	23	0	2	0	2	0	1	0	0	0
*	5p	-	43	11228	13738	13579	11272	49817	175	28	8	10	1	1	2	10	4	5	2	15	0	0	2	2	1	1	0	0	0
*	5p	-	44	10652	14021	13970	10972	49615	180	29	12	5	5	2	2	5	3	3	0	20	1	1	1	2	0	0	0	0	0
*	5p	-	45	11175	13349	14222	10657	49403	206	14	7	11	4	3	2	5	3	3	3	19	0	0	1	3	0	0	1	0	0
*	5p	-	46	11126	13234	13465	11387	49212	212	26	8	15	5	0	2	15	0	3	5	17	2	1	3	3	0	0	0	0	0
*	5p	-	47	10632	13705	13704	10954	48995	197	22	15	11	2	6	2	10	4	4	4	22	0	0	3	2	0	0	0	3	0
*	5p	-	48	11008	13430	13930	10398	48766	245	20	8	5	1	2	2	7	7	6	3	16	3	1	2	2	0	1	1	0	0
*	5p	-	49	11057	13135	13229	11101	48522	184	33	12	5	3	4	4	6	4	3	5	14	0	1	1	3	0	0	0	2	0
*	5p	-	50	10380	13554	13654	10632	48220	220	32	9	8	2	2	2	11	4	3	3	11	1	0	2	3	0	0	3	1	0
*	5p	-	51	10784	13102	13711	10346	47943	220	19	9	10	2	1	2	8	1	6	3	19	2	0	1	3	1	1	1	2	0
*	5p	-	52	10887	12922	12849	10977	47635	191	22	13	11	2	0	3	6	1	7	2	12	1	1	1	4	0	0	1	1	0
*	5p	-	53	10330	13332	13069	10615	47346	230	22	15	16	1	2	2	7	6	6	3	15	1	0	1	2	0	0	1	0	0
*	5p	-	54	10588	12747	13519	10170	47024	232	22	10	11	4	0	4	7	4	7	1	27	2	1	1	2	0	1	1	0	0
*	5p	-	55	10554	12822	12864	10461	46701	210	21	8	8	1	1	5	8	3	9	4	23	0	2	2	2	0	0	0	0	0
*	5p	-	56	10041	12979	12996	10335	46351	236	27	10	6	4	2	1	6	4	6	4	15	1	1	2	4	0	0	1	1	0
*	5p	-	57	10276	12421	13425	9883	46005	217	20	16	12	1	2	3	7	3	6	0	19	0	2	1	1	0	2	1	0	0
*	5p	-	58	10308	12453	12436	10448	45645	203	19	10	7	0	1	2	6	3	3	0	19	0	0	4	5	1	2	0	0	0
*	5p	-	59	9775	12616	12711	10135	45237	217	19	6	8	2	2	3	6	4	2	4	14	1	0	2	4	1	0	2	1	0
*	5p	-	60	10049	12096	12948	9755	44848	208	21	9	7	1	1	5	4	0	6	6	13	0	1	2	2	1	0	2	0	0
*	5p	-	61	10155	12089	12197	10035	44476	219	14	8	10	2	3	1	5	1	7	1	25	2	0	2	3	0	0	0	0	0
*	5p	-	62	9454	12455	12485	9655	44049	204	22	10	8	2	1	0	10	1	2	2	17	1	1	3	3	0	0	1	0	0
*	5p	-	63	9741	11862	12700	9346	43649	228	23	5	4	1	1	4	9	5	2	4	15	1	1	0	6	2	0	0	1	0
*	5p	-	64	9820	11765	11690	9921	43196	208	20	5	13	3	0	3	9	4	3	3	16	0	0	2	7	0	0	0	2	0
*	5p	-	65	9320	11996	12078	9356	42750	186	11	6	5	3	2	0	9	1	7	3	14	0	0	0	5	1	1	1	1	0
*	5p	-	66	9637	11515	12131	9012	42295	213	22	8	8	1	0	1	10	2	5	2	12	0	1	2	2	0	0	1	0	0
*	5p	-	67	9496	11465	11508	9337	41806	200	20	8	10	1	0	4	11	4	6	2	10	0	0	3	3	1	1	1	0	0
*	5p	-	68	9095	11644	11688	8912	41339	210	19	8	9	3	3	3	6	1	9	3	16	0	1	1	2	0	0	1	1	0
*	5p	-	69	9191	11217	11605	8790	40803	212	14	10	7	4	2	2	13	1	7	3	15	1	0	2	2	0	1	0	2	0
*	5p	-	70	9175	10960	11114	9027	40276	213	24	12	11	2	1	3	4	2	10	5	11	0	3	1	2	2	0	0	0	0
