Query	Match	PIdent	Length	Mismatches	Gapopen	QStart	QEnd	SStart	SSend	Evalue	Bitscore	Taxa
aldH1	WP_006234428.1	98.718	156	2	0	43	510	315	470	2.16e-107	324	235
apaG	WP_002963468.1	100	130	0	0	1	390	1	130	1.02e-90	268	234
argF	WP_002963466.1	100	312	0	0	1	936	1	312	0	651	234
argH	WP_002965047.1	100	466	0	0	7	1404	1	466	0	957	234
aspS	WP_004683546.1	100	595	0	0	1	1785	1	595	0	1228	234
bluB	WP_002965598.1	100	207	0	0	1	621	1	207	2.35e-153	432	234
carA	WP_002964590.1	100	407	0	0	1	1221	1	407	0	832	234
carB	WP_004684046.1	100	1162	0	0	1	3486	1	1162	0	2335	234
ccmE	WP_008933880.1	99.394	165	1	0	1	495	1	165	3.4e-93	277	520448
ccmI	WP_004686785.1	100	379	0	0	1	1137	1	379	0	612	234
cobA_2	WP_032450920.1	99.163	478	4	0	22	1455	1	478	0	850	1160235
cobT_1	WP_069125125.1	99.705	339	1	0	1	1017	1	339	0	542	29459
coxB	WP_005969785.1	100	284	0	0	1	852	1	284	0	555	234
cysW_1	WP_076770952.1	99.653	288	1	0	1	864	1	288	1.82e-151	434	2632610
dapD	WP_002965622.1	100	284	0	0	1	852	1	284	0	581	234
der	WP_004682999.1	100	483	0	0	1	1449	1	483	0	912	234
dnaA_1	WP_006104384.1	99.817	546	1	0	1	1638	1	546	0	999	235
elaA	WP_002968104.1	97.826	138	3	0	1	414	1	138	3.59e-94	277	235
fbcH	WP_004684075.1	100	432	0	0	1	1296	1	432	0	831	234
flaF	WP_002966647.1	100	114	0	0	1	342	1	114	2.48e-75	228	234
flgA	WP_002966427.1	100	160	0	0	1	480	1	160	1.81e-89	267	234
flgB	WP_004681368.1	100	126	0	0	1	378	1	126	2.85e-77	233	234
fmt	WP_004682455.1	100	306	0	0	1	918	1	306	0	619	234
folB	WP_004685641.1	99.16	119	1	0	1	357	1	119	2.09e-81	243	29459
glcA_1	WP_023598755.1	99.704	338	1	0	1	1014	208	545	0	623	120577
glmS	WP_004684961.1	100	607	0	0	1	1821	1	607	0	1210	234
glmU	WP_004684960.1	100	441	0	0	1	1323	1	441	0	890	29459
glyA2	WP_005973536.1	100	436	0	0	1	1308	1	436	0	896	29459
gmk	WP_002963622.1	100	205	0	0	1	615	16	220	4.91e-148	419	234
group_1	WP_002965542.1	99.18	122	1	0	1	366	1	122	1.06e-73	224	234
group_100	WP_004683305.1	100	291	0	0	1	873	1	291	0	592	234
group_1030	WP_004684831.1	100	427	0	0	1	1281	1	427	0	785	29459
group_1079	WP_004685291.1	100	211	0	0	1	633	1	211	3.29e-143	407	29459
group_1089	WP_127841117.1	100	187	0	0	136	696	46	232	1.69e-84	260	29459
group_1104	WP_002965608.1	100	230	0	0	1	690	1	230	5.08e-162	456	234
group_1132	WP_002963726.1	100	149	0	0	1	447	1	149	2.24e-105	306	234
group_1185	WP_002964461.1	99.624	266	1	0	1	798	1	266	9.48e-164	465	234
group_1277	WP_004681215.1	100	172	0	0	1	516	1	172	2.82e-108	316	234
group_1295	WP_002966643.1	100	227	0	0	1	681	1	227	4.39e-142	405	234
group_1300	WP_004688319.1	99.623	531	2	0	1	1593	136	666	0	1066	234
group_1313	WP_004685594.1	100	222	0	0	1	666	1	222	2.4e-162	456	29459
group_1342	WP_002967274.1	100	408	0	0	1	1224	1	408	0	790	234
group_1354	WP_004683323.1	100	235	0	0	1	705	1	235	1.74e-168	473	234
group_1361	WP_225868622.1	100	92	0	0	1	276	27	118	2.12e-50	164	29459
group_1362	WP_002963818.1	100	55	0	0	1	165	1	55	2.79e-32	114	234
group_14	WP_005973133.1	100	1582	0	0	1	4746	1	1582	0	2815	29459
group_1495	WP_025270785.1	99.632	272	1	0	1	816	1	272	3.84e-173	488	29459
group_1534	WP_004684539.1	100	369	0	0	1	1107	1	369	0	659	234
group_1575	WP_004684772.1	100	279	0	0	1	837	1	279	0	526	234
group_1608	WP_002971536.1	100	80	0	0	1	240	1	80	5.47e-52	166	234
group_1617	WP_006097122.1	100	62	0	0	100	285	19	80	1.62e-35	125	235
group_1621	WP_002964883.1	100	193	0	0	1	579	1	193	4.54e-120	347	234
group_163	WP_015799953.1	99.091	550	5	0	1	1650	1	550	0	1113	444163
group_1633	WP_004685830.1	100	191	0	0	1	573	1	191	1.01e-127	366	29459
group_1689	WP_004683956.1	100	148	0	0	1	444	1	148	1.77e-91	271	234
group_169	WP_004684984.1	100	356	0	0	1	1068	1	356	0	745	234
group_178	WP_002963705.1	100	340	0	0	1	1020	1	340	0	699	234
group_1803	WP_004684678.1	100	214	0	0	46	687	16	229	4.34e-133	383	234
group_187	WP_006258297.1	99.576	472	2	0	1	1416	1	472	0	887	29459
group_1907	WP_002970018.1	100	68	0	0	1	204	1	68	7.25e-41	137	234
group_207	WP_004681061.1	100	552	0	0	1	1656	9	560	0	1129	234
group_209	WP_127840839.1	100	288	0	0	1	864	1	288	0	553	29459
group_2136	WP_153528633.1	99.695	328	1	0	1	984	1	328	1.48e-169	483	2592625
group_2152	WP_004685854.1	99.785	465	1	0	1	1395	1	465	0	868	234
group_2172	WP_002971137.1	99.346	459	3	0	1	1377	1	459	0	896	235
group_2188	WP_006088496.1	99.559	227	1	0	1	681	1	227	3.49e-140	401	235
group_2200	WP_004685777.1	100	69	0	0	1	207	1	69	6.61e-43	142	29459
group_2211	WP_002969148.1	100	229	0	0	1	687	1	229	6.95e-145	413	234
group_2323	WP_004684798.1	100	324	0	0	1	972	1	324	0	649	234
group_2380	WP_002971643.1	100	64	0	0	1	192	1	64	4.5e-41	137	234
group_2381	WP_002965526.1	100	202	0	0	1	606	1	202	3.76e-149	421	234
group_2398	WP_002965436.1	100	81	0	0	1	243	1	81	2.76e-48	157	234
group_2399	WP_002965418.1	99.541	218	1	0	1	654	1	218	1.74e-138	396	234
group_2400	WP_002966536.1	100	120	0	0	1	360	1	120	1e-80	242	2826938
group_2413	WP_005968957.1	100	127	0	0	1	381	1	127	4.07e-51	167	234
group_2447	WP_011005196.1	100	107	0	0	1	321	7	113	3.45e-73	222	29461
group_2460	WP_002963588.1	100	84	0	0	1	252	1	84	9.98e-53	168	2826938
group_2465	WP_004682938.1	100	182	0	0	1	546	1	182	3.1e-125	359	234
group_2470	WP_004682379.1	99.705	339	1	0	1	1017	1	339	0	689	234
group_2471	WP_008936650.1	100	31	0	0	1	93	1	31	1.41e-09	60.8	2632610
group_2472	WP_004682211.1	100	148	0	0	1	444	1	148	6.13e-107	310	234
group_2487	WP_002966234.1	100	499	0	0	1	1497	1	499	0	1046	234
group_2488	WP_002964973.1	100	152	0	0	1	456	1	152	3.82e-105	306	234
group_2503	WP_076780379.1	98.305	118	2	0	1	354	1	118	1.04e-65	204	2632610
group_2504	WP_004685326.1	100	299	0	0	1	897	1	299	0	608	29459
group_2516	WP_002966354.1	100	225	0	0	1	675	1	225	2.3e-163	459	234
group_2522	WP_005974677.1	99.554	224	1	0	1	672	1	224	1.92e-131	379	29459
group_2537	WP_004684232.1	100	263	0	0	1	789	1	263	8.61e-179	501	234
group_255	WP_141065144.1	100	155	0	0	1	465	36	190	3.71e-108	318	29459
group_2554	WP_002964569.1	100	73	0	0	1	219	1	73	3.97e-43	143	234
group_2556	WP_004684007.1	100	189	0	0	1	567	1	189	7.62e-136	387	234
group_2563	WP_002969562.1	99.355	155	1	0	1	465	1	155	1.06e-107	313	234
group_2572	WP_004683894.1	100	145	0	0	1	435	1	145	7.03e-91	270	234
group_2579	WP_005971772.1	100	70	0	0	1	210	1	70	2.17e-42	141	234
group_267	WP_002966296.1	100	310	0	0	1	930	1	310	0	637	234
group_300	WP_004685520.1	100	358	0	0	1	1074	1	358	0	669	29459
group_353	WP_004685335.1	100	543	0	0	1	1629	1	543	0	1078	29459
group_356	WP_004685353.1	100	359	0	0	82	1158	1	359	0	685	29459
group_3589	WP_004683914.1	100	194	0	0	1	582	1	194	2.78e-141	401	234
group_3606	WP_160542826.1	99.778	450	1	0	1	1350	1	450	0	852	29459
group_3612	WP_008510894.1	100	81	0	0	1	243	1	81	4.9e-48	168	1218315
group_3656	WP_014315854.1	100	46	0	0	28	165	1	46	3.55e-23	91.7	234
group_3668	WP_002967883.1	100	71	0	0	1	213	1	71	7.58e-44	145	234
group_3674	WP_002963637.1	100	266	0	0	1	798	1	266	0	539	234
group_3676	WP_187960935.1	98.837	86	1	0	1	258	1	86	7.85e-46	151	2769351
group_3697	WP_002963813.1	100	85	0	0	1	255	1	85	4.34e-40	136	234
group_3698	WP_006094027.1	99.58	238	1	0	1	714	1	238	1.82e-158	448	235
group_3704	WP_002964592.1	100	172	0	0	1	516	1	172	8.22e-76	233	234
group_3712	WP_002971243.1	100	205	0	0	1	615	1	205	2.18e-131	377	234
group_3718	WP_004683040.1	99.048	105	1	0	1	315	1	105	7.47e-68	208	234
group_373	WP_004684064.1	100	447	0	0	1	1341	1	447	0	857	234
group_3731	WP_002971304.1	100	250	0	0	1	750	1	250	0	510	234
group_3734	WP_002969202.1	100	136	0	0	1	408	1	136	2.3e-84	252	234
group_3748	WP_002966111.1	100	279	0	0	1	837	1	279	0	549	234
group_3795	WP_004681742.1	100	388	0	0	1	1164	1	388	0	683	234
group_3801	WP_002967978.1	100	331	0	0	1	993	1	331	2.55e-160	460	234
group_3802	WP_006074429.1	99.39	164	1	0	1	492	1	164	7.18e-106	309	29461
group_3847	WP_005978406.1	99.519	208	1	0	1	624	1	208	5.97e-96	287	236
group_3851	WP_126981363.1	99.801	503	1	0	1	1509	1	503	0	863	29459
group_3857	WP_006013248.1	99.315	146	1	0	1	438	1	146	1.84e-91	271	236
group_3878	WP_004684121.1	100	172	0	0	1	516	1	172	2.32e-120	346	234
group_3892	WP_004685547.1	99.507	203	1	0	1	609	1	203	1.6e-147	417	29459
group_3895	WP_002964873.1	100	231	0	0	1	693	1	231	9.18e-163	458	234
group_3896	WP_153528015.1	99.533	214	1	0	1	642	1	214	3.2e-116	339	2592625
group_3901	WP_002972097.1	100	152	0	0	1	456	1	152	2.74e-106	309	234
group_3932	WP_004683134.1	100	127	0	0	1	381	1	127	3.67e-74	226	234
group_3941	WP_004684987.1	100	257	0	0	1	771	1	257	0	514	29459
group_3944	WP_002963809.1	100	206	0	0	1	618	1	206	2.94e-139	397	234
group_3949	WP_046722143.1	100	513	0	0	1	1539	1	513	0	981	29459
group_3958	WP_004685190.1	100	190	0	0	1	570	1	190	3.51e-139	395	234
group_3959	WP_004685023.1	100	252	0	0	1	756	1	252	0	519	234
group_3967	WP_153528474.1	98.292	527	9	0	1	1581	1	527	0	995	2592625
group_3968	WP_004683406.1	100	444	0	0	1	1332	1	444	0	881	234
group_3970	WP_002969422.1	100	202	0	0	1	606	1	202	4.61e-145	411	234
group_3986	WP_002964874.1	100	145	0	0	1	435	1	145	1.82e-85	256	234
group_3990	WP_002968219.1	100	238	0	0	1	714	1	238	4.25e-173	485	234
group_3992	WP_004685479.1	100	161	0	0	1	483	1	161	2.76e-94	279	29459
group_4019	WP_004683133.1	100	201	0	0	1	603	1	201	1.22e-147	417	234
group_4022	WP_006196133.1	99.681	313	1	0	1	939	1	313	3.37e-154	443	29461
group_4023	WP_002965606.1	100	289	0	0	1	867	1	289	0	596	234
group_4027	WP_002964979.1	100	120	0	0	1	360	1	120	1.36e-81	244	234
group_4036	WP_002966306.1	100	179	0	0	1	537	1	179	1.46e-118	342	234
group_4044	WP_002964735.1	100	483	0	0	1	1449	1	483	0	863	234
group_405	WP_154142104.1	98.93	1028	11	0	1	3084	1	1028	0	1740	2632610
group_4058	WP_004681171.1	100	160	0	0	1	480	1	160	3.95e-111	322	234
group_4064	WP_005970945.1	100	347	0	0	1	1041	1	347	0	714	234
group_4065	WP_006640810.1	99.32	147	1	0	1	441	1	147	1.23e-87	269	120576
group_4088	WP_005974601.1	100	146	0	0	1	438	1	146	3.61e-88	263	29459
group_4091	WP_002969481.1	100	88	0	0	1	264	1	88	3.66e-44	147	234
group_4100	WP_004685062.1	100	196	0	0	1	588	1	196	2.12e-139	396	29459
group_4115	WP_002964341.1	100	194	0	0	1	582	1	194	5.4e-137	390	234
group_4124	WP_002969624.1	100	52	0	0	1	156	1	52	1.39e-28	105	234
group_447	WP_004685533.1	100	633	0	0	1	1899	1	633	0	1228	29459
group_46	WP_004685796.1	100	949	0	0	1	2847	1	949	0	1831	29459
group_477	WP_005978107.1	99.799	498	1	0	1	1494	1	498	0	964	236
group_505	WP_002965052.1	100	259	0	0	1	777	1	259	0	525	234
group_56	WP_004686617.1	99.841	630	1	0	1	1890	1	630	0	1253	234
group_560	WP_002966884.1	100	208	0	0	1	624	1	208	2.3e-147	417	234
group_588	WP_025198823.1	100	951	0	0	1	2853	1	951	0	1625	29459
group_59	WP_004681903.1	100	428	0	0	1	1284	1	428	0	843	234
group_674	WP_002965550.1	100	411	0	0	1	1233	1	411	0	758	234
group_696	WP_004682927.1	100	462	0	0	1	1386	1	462	0	843	234
group_7	WP_086440183.1	100	339	0	0	85	1101	16	354	0	688	2632610
group_714	WP_004684829.1	100	510	0	0	1	1530	1	510	0	967	29459
group_759	WP_019443524.1	98.851	174	2	0	157	678	1	174	3.17e-120	348	235
group_766	WP_002965217.1	99.717	353	1	0	1	1059	1	353	0	715	234
group_805	WP_087913391.1	100	76	0	0	1	228	1	76	3.47e-33	127	29459
group_900	WP_004682096.1	100	476	0	0	1	1428	1	476	0	915	234
group_910	WP_004684720.1	100	425	0	0	1	1275	1	425	0	879	234
group_934	WP_002966598.1	99.644	281	1	0	1	843	1	281	0	572	234
group_939	WP_002966618.1	100	330	0	0	1	990	1	330	0	657	234
group_951	WP_004685609.1	100	373	0	0	1	1119	1	373	0	754	234
group_973	WP_002965986.1	100	249	0	0	1	747	1	249	9.5e-163	460	234
hipO_1	WP_041594717.1	100	91	0	0	1	273	1	91	2.66e-44	156	444163
hrpB_1	WP_005974069.1	100	663	0	0	1	1989	1	663	0	1123	29459
hutI	WP_141068128.1	100	536	0	0	1	1608	1	536	0	957	29459
ispH	WP_004683139.1	100	346	0	0	1	1038	1	346	0	709	234
lepB	WP_002970991.1	100	260	0	0	1	780	1	260	2.26e-178	500	234
ligA	WP_002964528.1	100	719	0	0	1	2157	1	719	0	1435	234
metK	WP_005970373.1	100	448	0	0	1	1344	1	448	0	922	234
moaD	WP_002963839.1	98.824	85	1	0	1	255	1	85	3.14e-53	169	234
mscL	WP_006137752.1	99.275	138	1	0	1	414	1	138	1.92e-52	172	29459
namA	WP_004685082.1	100	424	0	0	1	1272	1	424	0	858	234
nrdR	WP_002966765.1	100	158	0	0	1	474	1	158	1.48e-97	287	234
nuoN	WP_004683623.1	100	478	0	0	1	1434	1	478	0	827	234
petA	WP_002964648.1	99.465	187	1	0	1	561	1	187	4.82e-129	369	234
pgi	WP_004682840.1	100	549	0	0	1	1647	1	549	0	1125	234
pgk	WP_002964816.1	100	396	0	0	1	1188	1	396	0	754	234
pgl	WP_002968509.1	100	232	0	0	1	696	1	232	3.51e-148	421	234
pgsA	WP_002963840.1	100	194	0	0	1	582	1	194	5.05e-123	355	234
purS	WP_002963973.1	98.75	80	1	0	1	240	1	80	3.62e-48	156	234
pyk	WP_004685834.1	100	478	0	0	1	1434	1	478	0	963	29459
queD	WP_004685238.1	100	121	0	0	1	363	1	121	2.12e-85	254	29459
rcsC	WP_046722154.1	100	1171	0	0	1	3513	1	1171	0	2283	29459
recN	WP_076771450.1	98.748	559	7	0	1	1677	1	559	0	1002	2632610
rnd	WP_004683543.1	100	385	0	0	1	1155	1	385	0	748	234
rnhA	WP_002963635.1	99.351	154	1	0	1	462	1	154	1.02e-107	313	234
rplI	WP_004683101.1	100	175	0	0	1	525	1	175	9.36e-124	356	234
rplM	WP_002963926.1	100	154	0	0	1	462	1	154	3.91e-109	316	234
rplQ	WP_002964337.1	100	125	0	0	1	375	1	125	1.04e-84	254	234
rpmA	WP_002964927.1	100	89	0	0	1	267	1	89	5.37e-57	179	234
rpsF	WP_006072256.1	99.324	148	1	0	1	444	1	148	8.31e-70	216	29461
rpsI	WP_004683599.1	100	158	0	0	1	474	1	158	6.79e-110	318	234
rpsK	WP_002964339.1	100	129	0	0	1	387	1	129	2.49e-89	264	118882
thiG	WP_004684703.1	100	256	0	0	1	768	1	256	0	518	234
tkt	WP_004684164.1	100	663	0	0	1	1989	1	663	0	1328	234
topA	WP_032449677.1	100	838	0	0	28	2541	1	838	0	1671	234
trpC	WP_002964269.1	100	268	0	0	1	804	1	268	0	536	234
truB	WP_004684584.1	100	324	0	0	1	972	1	324	0	655	234
tusA	WP_002965098.1	98.824	85	1	0	1	255	1	85	8.15e-56	176	234
wecC	WP_002966084.1	100	181	0	0	1	543	1	181	9.67e-133	378	234
