burnIn   <= 1000000,   maxState  = 10000000
statistic	mean	stdErr	median	hpdLower	hpdUpper	ESS	50hpdLower	50hpdUpper
joint	-4563706.3977	121.2009	-4563702.8921	-4563712.8747	-4563694.3331	1407.1206	-4563705.6809	-4563699.3669	
prior	-499.0986	7.9586	-499.0635	-514.4976	-483.2762	2111.5548	-504.3288	-493.9034	
likelihood	-4563207.299	121.4949	-4563203.5891	-4563219.4213	-4563188.8749	1391.7674	-4563208.6887	-4563198.168	
treeModel.rootHeight	2910.7793	133.6651	2907.7838	2652.9069	3158.2796	3930.2681	2805.889	2980.0863	
age(root)	-893.7793	133.6651	-890.7838	-1141.2796	-635.9069	3930.2681	-963.0863	-788.889	
treeLength	11204.4136	435.9168	11190.9283	10381.7673	12074.1784	3307.8989	10906.6217	11477.5797	
exponential.popSize	131.3487	9.2781	131.1025	113.7499	149.9401	5802.6606	124.9218	137.3429	
exponential.growthRate	-0.0076	1.1277E-3	-0.0076	-0.0099	-0.0055	7965.0286	-0.0083	-0.0068	
gtr.rates.rateAC	0.5997	0.0342	0.599	0.53	0.6637	2275.086	0.5739	0.619	
gtr.rates.rateAG	2.0423	0.0541	2.0417	1.9392	2.1454	1947.5758	2.0051	2.0795	
gtr.rates.rateAT	0.3636	0.0307	0.3626	0.3027	0.4231	2540.4078	0.3401	0.3815	
gtr.rates.rateCG	0.3079	0.0212	0.3072	0.2666	0.3497	2392.9972	0.2911	0.3185	
gtr.rates.rateCT	2.1195	0.0545	2.1195	2.0115	2.2199	1644.671	2.0773	2.1505	
gtr.rates.rateGT	0.5671	0.033	0.5663	0.5004	0.6281	2422.5083	0.5444	0.5887	
frequencies1	0.2139	2.2203E-4	0.2139	0.2135	0.2144	3290.308	0.2138	0.2141	
frequencies2	0.2851	2.4816E-4	0.2851	0.2847	0.2856	3836.0293	0.2849	0.2853	
frequencies3	0.287	2.4735E-4	0.287	0.2865	0.2875	3501.5935	0.2868	0.2871	
frequencies4	0.214	2.2573E-4	0.214	0.2135	0.2144	3847.6844	0.2138	0.2141	
alpha	0.4853	0.4587	0.354	3.1003E-3	1.3795	2487.0318	3.1003E-3	0.354	
pInv	0.3662	0.2081	0.3631	3.4767E-4	0.7076	4448.5724	0.1861	0.5168	
clock.rate	8.1288E-8	1.0224E-7	7.911E-8	7.2579E-8	8.5741E-8	2219.8566	7.6427E-8	8.0873E-8	
meanRate	8.1288E-8	1.0224E-7	7.911E-8	7.2579E-8	8.5741E-8	2219.8566	7.6427E-8	8.0873E-8	
coalescentEventsStatistic1	11241.9509	1850.3295	11199.4746	7757.481	14915.5916	3307.712	9662.7642	12172.1162	
coalescentEventsStatistic2	1790.7761	1377.2693	1517.5221	0.5705	4397.7503	5895.9576	3.6836	1519.6735	
coalescentEventsStatistic3	1036.7519	919.6764	787.8072	0.0379	2861.6316	7296.4456	1.5119	788.6341	
coalescentEventsStatistic4	1070.4584	945.5398	804.9335	1.3336E-3	3004.6299	5530.9373	1.3336E-3	804.9335	
coalescentEventsStatistic5	836.5871	713.7388	647.5817	0.0331	2233.99	7738.9359	4.1482	651.6675	
coalescentEventsStatistic6	995.3681	920.9182	728.4479	0.5699	2901.0458	5286.6655	0.5699	728.4479	
coalescentEventsStatistic7	992.5504	876.235	746.7057	0.06	2746.0166	5743.351	0.2367	746.7511	
coalescentEventsStatistic8	1038.9653	916.8605	789.5625	6.51E-3	2879.1994	5734.6247	6.51E-3	789.5625	
coalescentEventsStatistic9	958.7628	801.7769	748.769	0.3989	2545.1386	7573.8545	1.3302	749.4649	
coalescentEventsStatistic10	1042.674	782.9137	890.2386	0.8834	2533.2129	8153.4499	1.2511	891.106	
coalescentEventsStatistic11	1022.7773	755.7857	881.8778	0.1069	2436.4283	7629.778	0.1069	881.8778	
coalescentEventsStatistic12	991.5745	815.2487	800.3999	0.2802	2590.19	6669.0989	0.2802	800.3999	
coalescentEventsStatistic13	953.7324	785.4181	751.4804	0.3643	2478.6677	7941.5217	0.3643	751.6092	
coalescentEventsStatistic14	1220.2247	977.3468	990.2325	0.0195	3139.973	6522.6099	0.0195	990.2325	
coalescentEventsStatistic15	4093.3342	1341.0519	4112.7647	1304.304	6567.2669	3126.8148	3281.5222	5084.1724	
coalescentEventsStatistic16	1048.3917	501.8415	977.0459	206.4203	2040.6963	8132.6949	528.9372	1146.1069	
coalescentEventsStatistic17	917.9534	462.0765	854.8671	102.4138	1843.12	6566.5152	463.7344	1044.4744	
coalescentEventsStatistic18	882.4169	606.6851	792.5123	0.1519	2009.6607	6416.7698	5.3676	794.9113	
coalescentEventsStatistic19	1327.8021	461.4269	1333.1571	362.3406	2252.6615	7511.4741	1074.1458	1660.6722	
coalescentEventsStatistic20	647.3102	486.7889	552.5322	0.1442	1583.4551	4863.4631	0.1442	552.5322	
coalescentEventsStatistic21	500.741	381.8884	420.7236	0.0472	1226.7158	7922.3874	0.0472	420.7236	
coalescentEventsStatistic22	873.0657	399.0827	894.8302	0.287	1501.2036	5730.9993	685.5031	1244.516	
coalescentEventsStatistic23	368.7084	263.3723	322.9391	0.0585	867.0834	6597.9525	1.041	323.5561	
coalescentEventsStatistic24	1509.8838	219.5458	1508.1657	1094.9697	1942.7201	7943.0642	1335.7745	1629.7073	
coalescentEventsStatistic25	1845.4328	197.742	1842.9292	1460.1335	2235.9525	6489.0606	1706.1645	1964.712	
coalescentEventsStatistic26	420.7406	102.4985	412.6875	228.5926	622.3587	7882.1421	337.3058	472.0513	
coalescentEventsStatistic27	290.4839	71.9932	284.3881	155.3488	431.6256	8078.169	230.7729	323.7988	
coalescentEventsStatistic28	865.2688	83.1427	862.0992	709.9903	1035.5948	6071.9736	805.3725	916.4282	
coalescentEventsStatistic29	1835.9951	115.4419	1833.6894	1613.9346	2043.6729	3858.6583	1755.4076	1903.4923	
treeLikelihood	-4563207.299	121.4949	-4563203.5891	-4563219.4213	-4563188.8749	1391.7674	-4563208.6887	-4563198.168	
branchRates	0	0	0	0	0	NaN	0	0	
coalescent	-374.8643	10.6816	-374.7112	-396.1091	-354.408	4380.626	-382.3975	-368.1042	

