# table produced by mapDamage version 2.2.1
# using mapped file tmp1.sam and /home/sam/Scratch/Databases/hg38Poinar/Hardmasked/hg38Hard.fasta as reference file
# Chr: reference from sam/bam header, End: from which termini of DNA sequences, Std: strand of reads
Chr	End	Std	Pos	A	C	G	T	Total	G>A	C>T	A>G	T>C	A>C	A>T	C>G	C>A	T>G	T>A	G>C	G>T	A>-	T>-	C>-	G>-	->A	->T	->C	->G	S
*	3p	+	1	669539	401471	436423	589514	2096947	10600	1205	2124	1811	248	396	216	444	326	498	191	344	0	0	0	0	0	0	0	0	0
*	3p	+	2	665576	405139	431069	594513	2096297	8426	1326	2056	1835	264	379	220	395	355	430	178	306	115	105	105	99	249	198	203	259	0
*	3p	+	3	650404	410185	434638	601134	2096361	7109	1385	2014	1916	225	382	228	393	291	465	153	321	142	111	99	134	240	249	226	244	0
*	3p	+	4	644525	414859	434665	602383	2096432	6017	1437	2001	1927	232	351	199	368	274	412	151	302	114	108	102	100	259	236	229	233	0
*	3p	+	5	636785	417825	434442	607506	2096558	5025	1446	2013	1875	238	422	209	370	284	426	171	317	146	127	96	97	241	210	213	214	0
*	3p	+	6	637396	417172	436750	605260	2096578	4351	1465	1994	1771	219	394	219	361	265	411	160	346	124	125	103	90	270	215	187	210	0
*	3p	+	7	634751	418565	435231	608054	2096601	3984	1549	1970	1829	229	351	199	364	264	394	174	295	132	132	87	98	229	225	198	224	0
*	3p	+	8	632994	421720	433158	608700	2096572	3493	1559	1952	1798	195	365	241	399	279	450	145	323	123	130	101	85	229	236	218	226	0
*	3p	+	9	629367	424467	433292	609404	2096530	3283	1654	2015	1860	238	392	244	395	307	457	166	320	176	151	100	103	264	242	225	226	0
*	3p	+	10	625557	427432	431526	612026	2096541	2922	1607	1951	1807	244	371	200	357	261	413	180	331	177	150	79	97	286	241	195	215	0
*	3p	+	11	620773	430884	429118	615711	2096486	2723	1785	1971	1814	240	347	192	348	278	432	179	315	171	166	94	105	292	248	230	214	0
*	3p	+	12	619489	430541	428145	618260	2096435	2489	2013	1957	1881	230	366	179	385	295	416	175	296	189	181	95	94	266	293	228	225	0
*	3p	+	13	617485	430534	427062	621291	2096372	2322	2238	1949	1814	219	374	206	343	280	400	192	323	201	196	99	91	303	292	209	236	0
*	3p	+	14	617364	429922	424524	624505	2096315	2379	2529	1950	1858	229	361	204	404	284	414	187	339	213	193	93	116	307	291	256	233	0
*	3p	+	15	617101	428865	423091	627190	2096247	2137	3087	2044	1795	219	367	206	394	271	436	179	315	180	176	98	100	286	282	260	264	0
*	3p	+	16	615146	428838	420698	631356	2096038	1986	3851	1872	1870	221	346	194	405	272	479	185	341	223	169	104	102	309	333	244	291	0
*	3p	+	17	613982	429759	416800	634927	2095468	1912	4735	1975	1846	212	375	210	411	287	448	166	350	225	214	141	112	308	312	281	261	0
*	3p	+	18	551650	383160	370621	572584	1878015	1696	4745	1763	1546	205	336	160	342	203	375	153	277	192	217	121	131	215	236	187	178	0
*	3p	+	19	489539	340552	325606	514001	1669698	1512	4661	1555	1414	140	265	178	290	189	366	128	251	162	184	111	73	154	180	110	94	0
*	3p	+	20	430954	300518	286398	456896	1474766	1202	4605	1274	1231	131	235	108	253	193	266	113	210	159	154	92	60	107	120	73	58	0
*	3p	+	21	379042	262431	248503	404794	1294770	1071	4307	1147	1043	119	217	110	207	176	244	89	177	128	120	73	57	82	100	69	54	0
*	3p	+	22	330959	228805	216333	355375	1131472	894	4066	1022	922	92	171	81	180	130	222	71	167	114	97	65	46	66	75	45	27	0
*	3p	+	23	289260	198787	186759	311043	985849	763	3769	912	855	76	141	78	142	103	170	73	139	72	79	46	35	45	86	34	20	0
*	3p	+	24	250277	172179	161837	271674	855967	694	3462	785	725	81	116	45	141	66	151	61	113	72	71	43	29	44	57	21	18	0
*	3p	+	25	217797	148618	138691	236023	741129	569	3269	624	640	63	110	52	116	60	123	50	100	61	57	28	32	38	52	18	12	0
*	3p	+	26	188238	127935	119545	205035	640753	497	2999	598	522	59	90	46	102	62	115	58	95	45	52	23	16	21	52	12	11	0
*	3p	+	27	162776	109868	102741	178584	553969	394	2728	512	487	39	78	37	88	62	109	49	63	50	48	24	15	32	29	7	9	0
*	3p	+	28	140691	95802	88242	153729	478464	340	2504	442	392	43	72	32	62	50	77	26	65	42	35	24	19	27	26	8	10	0
*	3p	+	29	121066	82839	76024	133889	413818	277	2399	357	360	30	57	28	69	39	89	24	49	35	33	24	13	17	32	16	11	0
*	3p	+	30	103747	71047	64301	114978	354073	228	2066	315	292	35	42	24	59	41	68	31	43	32	25	27	14	13	37	14	8	0
*	3p	+	31	87860	60369	55485	98645	302359	225	1754	269	265	17	42	26	48	38	63	24	40	39	27	23	16	15	24	7	11	0
*	3p	+	32	75017	51730	47309	84374	258430	179	1562	228	228	28	35	14	34	32	52	26	40	22	17	23	22	17	19	10	9	0
*	3p	+	33	64479	43907	40309	72208	220903	178	1365	206	186	26	30	19	34	14	43	16	32	20	16	12	8	10	19	4	4	0
*	3p	+	34	55035	37683	34382	61896	188996	133	1179	181	162	11	27	10	31	19	28	14	25	19	16	19	8	8	13	4	7	0
*	3p	+	35	47347	31969	29058	52854	161228	109	1025	157	113	14	20	18	25	23	29	11	24	19	12	14	7	6	13	2	3	0
*	3p	+	36	40309	27186	24906	45116	137517	80	902	126	112	14	18	13	19	13	19	11	24	20	12	10	1	11	13	2	4	0
*	3p	+	37	34207	22908	21037	39207	117359	77	745	106	96	7	20	7	13	10	13	6	24	9	5	8	6	10	12	1	1	0
*	3p	+	38	29512	19721	18184	32997	100414	69	602	69	71	9	17	13	19	13	18	11	19	8	15	9	5	4	8	2	1	0
*	3p	+	39	25266	16680	15425	28595	85966	55	507	57	78	9	13	7	18	6	10	9	16	3	10	3	2	8	4	2	1	0
*	3p	+	40	21577	14403	13239	24406	73625	57	446	59	61	6	13	12	18	8	15	3	7	2	11	5	2	4	9	4	3	0
*	3p	+	41	18452	12474	11206	21032	63164	48	398	53	60	5	8	3	7	8	13	2	8	6	3	4	4	3	10	1	4	0
*	3p	+	42	15968	10696	9526	17899	54089	31	330	42	49	3	8	5	9	5	15	4	10	6	6	2	5	3	3	2	2	0
*	3p	+	43	13641	9090	8141	15468	46340	28	282	33	35	4	5	2	8	2	13	5	4	2	1	1	0	4	9	1	2	0
*	3p	+	44	11925	7794	7020	13102	39841	21	267	31	31	8	1	5	6	3	9	3	7	1	2	2	1	1	6	2	3	0
*	3p	+	45	10015	6787	5972	11589	34363	19	231	28	35	3	8	4	9	2	3	2	9	1	3	2	1	2	4	0	1	0
*	3p	+	46	8700	5789	5249	9860	29598	19	189	32	20	2	4	3	4	5	4	3	4	3	3	3	1	1	1	1	0	0
*	3p	+	47	7644	4937	4541	8477	25599	18	141	37	14	1	7	1	0	1	6	4	5	5	2	1	1	1	3	0	1	0
*	3p	+	48	6534	4251	3959	7355	22099	10	155	14	18	2	5	1	4	3	3	4	5	2	2	3	0	0	0	0	2	0
*	3p	+	49	5629	3606	3423	6432	19090	13	115	17	11	6	3	2	3	1	4	1	2	3	2	2	1	1	0	0	0	0
*	3p	+	50	4931	3234	2915	5487	16567	13	107	8	14	4	2	3	1	3	1	0	5	1	0	2	0	0	0	0	0	0
*	3p	+	51	4279	2780	2492	4801	14352	8	92	11	8	3	1	0	0	1	3	1	4	1	1	1	2	1	2	0	1	0
*	3p	+	52	3667	2297	2229	4176	12369	2	69	11	7	0	1	1	1	0	2	2	3	0	1	3	0	0	1	0	0	0
*	3p	+	53	3153	2055	1851	3587	10646	9	68	11	5	1	2	0	1	0	1	1	1	0	0	0	1	0	0	0	0	0
*	3p	+	54	2754	1751	1587	3063	9155	5	45	5	11	1	1	0	1	1	1	3	1	1	0	1	0	0	0	0	0	0
*	3p	+	55	2338	1509	1359	2694	7900	4	43	9	5	3	1	1	3	0	0	1	1	0	3	0	0	0	2	0	0	0
*	3p	+	56	2064	1332	1204	2197	6797	6	38	2	6	1	3	0	0	0	2	1	1	0	1	0	0	0	0	0	0	0
*	3p	+	57	1723	1154	1031	1995	5903	5	38	6	3	0	2	0	3	0	3	0	0	1	0	0	0	1	0	0	0	0
*	3p	+	58	1477	947	923	1740	5087	3	33	3	6	1	1	1	0	1	1	0	2	0	1	0	0	0	0	0	0	0
*	3p	+	59	1358	861	747	1465	4431	4	17	4	6	1	1	0	0	0	1	1	0	1	1	0	0	1	0	0	0	0
*	3p	+	60	1131	786	680	1265	3862	2	22	5	4	0	0	0	0	0	1	2	1	0	0	0	0	0	0	0	0	0
*	3p	+	61	944	631	563	1200	3338	3	23	2	5	1	1	0	0	0	2	1	1	1	0	0	0	0	0	0	0	0
*	3p	+	62	841	557	501	999	2898	4	8	4	1	0	0	1	0	0	0	0	0	1	0	0	0	0	0	0	0	0
*	3p	+	63	761	471	409	866	2507	2	9	1	1	0	0	0	0	0	0	1	1	0	0	0	0	0	0	0	0	0
*	3p	+	64	659	442	370	708	2179	0	13	3	2	0	1	0	0	1	0	1	0	0	1	2	0	0	0	0	0	0
*	3p	+	65	576	345	296	682	1899	1	7	1	1	0	0	0	0	0	0	0	0	0	0	0	0	0	0	0	0	0
*	3p	+	66	456	337	270	564	1627	0	13	1	3	1	1	0	0	0	0	0	0	0	0	0	0	0	0	0	0	0
*	3p	+	67	415	258	235	511	1419	0	5	0	2	0	0	0	0	1	1	0	0	1	0	0	0	0	1	0	1	0
*	3p	+	68	348	244	212	424	1228	2	5	1	1	0	2	0	0	0	0	0	0	0	0	0	0	0	0	1	0	0
*	3p	+	69	308	186	202	363	1059	2	5	1	0	0	0	0	0	0	0	0	0	0	0	0	0	0	0	0	0	0
*	3p	+	70	276	177	159	316	928	0	4	1	1	0	0	0	0	0	1	0	0	0	0	0	0	0	0	0	0	0
*	3p	-	1	676784	398833	433438	585613	2094668	13283	869	2057	1832	260	397	244	447	339	464	161	322	160	138	85	85	336	298	251	258	0
*	3p	-	2	669272	401881	437058	586863	2095074	10748	1172	2025	1849	259	463	224	417	313	421	171	360	203	162	106	102	319	329	287	294	0
*	3p	-	3	666218	405551	430789	592892	2095450	8396	1351	2003	1861	217	387	248	447	339	439	147	329	210	179	97	120	295	286	225	278	0
*	3p	-	4	652131	410866	434932	597708	2095637	7095	1398	1947	1790	222	375	214	403	319	409	149	285	191	191	102	112	299	280	259	248	0
*	3p	-	5	644933	414067	434763	602027	2095790	5829	1462	1982	1825	236	351	168	395	280	419	138	307	221	191	92	90	264	284	233	238	0
*	3p	-	6	639157	418160	432731	605835	2095883	5017	1467	1965	1829	209	359	221	365	249	369	136	303	177	158	97	109	276	255	208	227	0
*	3p	-	7	639623	417020	435917	603360	2095920	4387	1508	1976	1799	234	341	202	364	243	405	165	305	192	183	106	104	288	244	214	207	0
*	3p	-	8	636244	419234	435178	605258	2095914	3988	1571	1888	1849	248	344	194	373	256	401	186	287	184	188	96	101	263	279	210	235	0
*	3p	-	9	634537	422330	433387	605676	2095930	3466	1628	1920	1828	232	345	207	424	333	445	179	341	189	191	83	106	266	281	216	214	0
*	3p	-	10	630602	423857	433290	608168	2095917	3202	1623	2013	1801	228	370	215	374	300	445	174	325	169	189	104	89	289	271	230	207	0
*	3p	-	11	626246	427433	432282	609965	2095926	2946	1647	1999	1859	248	366	205	383	285	451	172	297	159	172	109	104	268	262	232	222	0
*	3p	-	12	622732	431105	428392	613719	2095948	2742	1901	1955	1886	246	394	207	388	273	402	185	302	169	174	113	102	239	287	222	210	0
*	3p	-	13	620674	430729	428854	615667	2095924	2596	2012	1879	1834	255	350	209	373	243	421	155	325	173	157	104	110	259	265	218	232	0
*	3p	-	14	618617	429794	427214	620266	2095891	2430	2055	1896	1847	223	389	214	337	263	439	169	307	141	150	88	110	262	282	217	215	0
*	3p	-	15	617724	428948	425350	623805	2095827	2327	2523	1977	1897	253	353	204	358	267	433	160	317	172	156	98	89	234	265	261	227	0
*	3p	-	16	618452	429350	423043	624864	2095709	2222	3106	1991	1857	209	370	217	422	277	458	167	349	179	150	122	113	248	292	220	215	0
*	3p	-	17	616932	429197	420259	629102	2095490	2051	3805	1985	1761	262	383	229	425	269	482	170	336	186	156	105	116	166	208	147	145	0
*	3p	-	18	554235	383891	371813	568640	1878579	1795	3659	1727	1607	194	338	174	315	210	396	141	283	142	155	93	93	106	168	98	88	0
*	3p	-	19	494069	338621	328051	508882	1669623	1563	3845	1584	1478	144	254	165	271	190	343	125	258	141	126	79	70	85	146	75	61	0
*	3p	-	20	437068	298724	287299	451500	1474591	1390	3747	1316	1224	146	211	115	235	157	255	107	213	97	95	70	74	60	107	66	50	0
*	3p	-	21	383102	262086	250626	399064	1294878	1156	3531	1145	1090	119	193	128	221	159	235	95	186	92	96	44	49	47	96	27	27	0
*	3p	-	22	334022	229355	216573	352241	1132191	995	3430	1016	930	96	169	91	198	147	178	82	157	70	62	46	30	42	85	16	23	0
*	3p	-	23	291480	199471	188195	307250	986396	859	3235	920	848	93	158	89	159	96	181	58	138	49	59	37	34	42	70	13	22	0
*	3p	-	24	253121	171637	162506	268716	855980	766	3047	724	752	84	105	72	144	100	142	62	122	49	33	28	26	25	60	12	22	0
*	3p	-	25	219619	148296	139699	233883	741497	660	2757	656	612	78	96	46	118	81	125	40	90	39	42	22	19	21	76	10	9	0
*	3p	-	26	189601	128603	120971	202054	641229	554	2535	591	506	60	69	53	106	67	134	44	78	41	36	20	20	27	53	13	11	0
*	3p	-	27	163731	110731	103413	176517	554392	485	2417	515	469	45	70	41	99	53	104	37	90	19	33	30	19	19	63	14	10	0
*	3p	-	28	141731	95323	88488	153751	479293	370	2245	450	393	49	66	33	86	47	91	45	76	30	27	14	13	20	70	15	7	0
*	3p	-	29	121899	82928	76844	133277	414948	331	2093	382	374	35	59	33	74	43	94	32	64	27	23	26	9	16	42	13	9	0
*	3p	-	30	104314	70589	65320	114425	354648	274	1792	355	308	28	36	30	67	48	72	24	61	22	16	25	10	15	58	9	9	0
*	3p	-	31	89105	60574	55665	97711	303055	247	1604	300	246	30	40	25	53	23	53	21	58	21	19	12	8	9	46	6	8	0
*	3p	-	32	76055	51586	47110	84042	258793	226	1289	249	211	28	37	16	46	24	52	17	43	19	13	24	8	8	33	5	4	0
*	3p	-	33	64720	43802	40070	72311	220903	148	1156	183	199	18	39	13	29	16	42	22	40	8	12	19	10	6	34	3	2	0
*	3p	-	34	55374	37720	34317	61309	188720	130	1083	186	206	15	33	12	24	25	37	11	25	17	6	13	6	2	21	3	2	0
*	3p	-	35	47494	31620	29523	52326	160963	117	896	167	125	14	29	10	24	14	33	8	22	11	8	17	7	9	27	2	2	0
*	3p	-	36	40617	27048	24684	45223	137572	102	755	135	123	8	15	10	19	24	39	10	24	10	3	8	5	4	22	3	2	0
*	3p	-	37	34806	22905	21253	38546	117510	99	639	113	108	15	13	6	15	8	24	11	22	10	5	8	6	2	20	0	2	0
*	3p	-	38	29750	19707	17970	32979	100406	66	558	88	82	10	15	8	18	10	24	6	14	11	5	7	3	6	9	3	0	0
*	3p	-	39	25586	16806	15567	28010	85969	74	456	76	83	6	5	7	7	6	19	6	10	7	6	8	7	2	15	2	0	0
*	3p	-	40	21935	14358	13317	24029	73639	59	410	81	64	7	13	8	10	9	15	5	21	4	5	6	3	1	8	0	0	0
*	3p	-	41	18679	12312	11317	20675	62983	54	335	65	50	5	7	5	13	3	7	6	4	9	3	2	1	1	6	1	0	0
*	3p	-	42	15962	10567	9562	17935	54026	37	288	56	48	4	6	4	7	3	10	8	11	1	2	5	2	0	5	1	0	0
*	3p	-	43	13786	9260	8127	15320	46493	30	248	41	40	6	7	4	5	6	10	6	5	2	0	6	1	1	3	1	0	0
*	3p	-	44	11816	7735	7066	13339	39956	26	244	36	34	3	3	3	4	5	2	3	4	1	2	1	2	1	5	1	0	0
*	3p	-	45	10325	6582	5959	11387	34253	17	201	36	28	3	5	3	7	2	9	2	4	2	2	1	3	0	6	1	0	0
*	3p	-	46	8709	5713	5303	9749	29474	23	145	23	20	4	3	0	3	3	7	1	3	0	0	5	0	0	3	2	0	0
*	3p	-	47	7657	4880	4440	8475	25452	22	131	19	18	3	5	2	6	2	7	0	4	2	1	3	1	2	2	0	0	0
*	3p	-	48	6525	4316	3865	7242	21948	20	108	20	18	1	5	2	2	2	2	0	3	3	0	2	0	0	0	1	1	0
*	3p	-	49	5669	3666	3356	6298	18989	19	106	20	20	1	1	1	2	3	3	1	3	3	0	1	1	0	0	0	0	0
*	3p	-	50	4892	3220	2917	5455	16484	11	95	21	13	2	1	0	2	1	1	0	3	0	0	0	0	0	0	0	0	0
*	3p	-	51	4255	2751	2518	4769	14293	11	69	19	17	1	5	0	2	1	1	2	1	0	1	1	0	0	0	0	0	0
*	3p	-	52	3683	2391	2217	4092	12383	9	70	5	9	4	2	2	0	0	3	1	2	1	0	2	1	0	1	0	0	0
*	3p	-	53	3234	2083	1808	3578	10703	4	52	10	7	2	2	0	1	1	1	2	0	2	1	0	0	0	2	0	0	0
*	3p	-	54	2817	1799	1628	2977	9221	3	60	8	5	1	2	0	2	0	1	0	2	0	0	1	0	0	1	0	0	0
*	3p	-	55	2329	1607	1425	2635	7996	8	53	12	7	2	1	1	2	0	6	1	2	1	0	0	0	0	0	0	0	0
*	3p	-	56	2136	1342	1193	2251	6922	2	31	3	4	0	3	1	1	0	2	0	1	0	0	0	0	0	1	0	0	0
*	3p	-	57	1785	1130	1097	2002	6014	5	32	3	2	0	0	0	3	3	0	0	0	0	0	0	0	0	0	1	0	0
*	3p	-	58	1620	931	871	1790	5212	3	27	6	2	1	0	2	0	1	0	0	2	1	1	0	1	0	0	0	0	0
*	3p	-	59	1386	924	753	1453	4516	3	34	5	2	0	0	0	1	0	0	0	0	0	0	0	0	0	0	0	0	0
*	3p	-	60	1172	775	656	1321	3924	1	21	3	4	0	2	0	0	0	0	0	0	0	0	0	0	0	0	0	0	0
*	3p	-	61	1039	617	578	1141	3375	2	18	5	4	0	0	0	1	0	0	1	0	0	0	0	0	0	1	0	0	0
*	3p	-	62	910	586	520	966	2982	1	22	0	0	0	1	0	0	1	0	0	0	0	0	0	0	0	0	0	0	0
*	3p	-	63	801	476	447	860	2584	1	12	2	2	0	1	0	0	0	0	1	1	0	0	0	0	0	0	0	0	0
*	3p	-	64	673	437	417	739	2266	1	7	1	4	0	0	1	1	0	0	0	0	0	1	0	0	0	0	0	0	0
*	3p	-	65	615	364	344	648	1971	1	13	1	1	0	2	1	1	0	0	0	0	0	0	0	0	0	0	0	0	0
*	3p	-	66	550	314	259	585	1708	0	6	1	4	0	0	0	0	0	1	0	0	0	0	0	0	0	0	0	0	0
*	3p	-	67	474	307	242	476	1499	1	3	0	1	0	1	0	0	1	0	0	0	0	0	0	0	0	0	0	0	0
*	3p	-	68	410	267	210	436	1323	0	8	1	1	0	0	0	0	0	0	0	0	0	0	0	0	0	0	0	0	0
*	3p	-	69	344	206	207	410	1167	0	5	0	1	0	0	0	0	0	0	1	0	0	0	0	0	0	0	0	0	0
*	3p	-	70	323	175	184	363	1045	1	2	0	3	0	0	0	0	0	0	0	0	0	0	0	0	0	1	0	0	0
*	5p	+	1	588895	434668	400763	670228	2094554	887	13442	1889	1826	251	388	153	320	187	351	205	381	224	197	167	134	292	366	297	298	0
*	5p	+	2	592318	436504	403088	663331	2095241	1366	10582	2112	1928	248	474	277	544	404	702	230	434	182	193	181	109	335	372	304	290	0
*	5p	+	3	599050	431916	407784	657036	2095786	1312	8476	1923	1886	233	344	159	284	202	349	183	294	175	197	144	103	274	337	309	275	0
*	5p	+	4	602191	436174	411010	646705	2096080	1687	7057	2214	1781	239	464	311	636	457	785	227	401	203	182	120	117	328	313	244	245	0
*	5p	+	5	607413	434570	413769	640454	2096206	1466	5895	1877	1869	195	316	154	304	232	334	180	288	214	206	123	94	301	294	251	245	0
*	5p	+	6	610123	433615	419417	633184	2096339	1483	5067	1927	1852	211	321	148	283	194	321	175	325	214	194	117	96	273	322	220	230	0
*	5p	+	7	608317	436513	418455	633150	2096435	1508	4231	1943	1804	209	318	170	307	231	308	187	307	195	200	110	85	250	301	226	218	0
*	5p	+	8	610568	436144	419225	630580	2096517	1544	3777	1843	1794	223	321	140	288	215	325	168	275	217	189	108	95	262	265	199	211	0
*	5p	+	9	611688	433554	421642	629596	2096480	1522	3330	1904	1840	223	297	169	315	220	330	156	321	191	206	101	100	271	267	218	243	0
*	5p	+	10	611761	434134	423951	626615	2096461	1940	3197	2252	1833	263	491	430	683	585	892	198	426	201	166	107	101	298	265	223	233	0
*	5p	+	11	614241	433766	426476	622070	2096553	1757	2858	1982	1791	233	376	248	435	292	522	176	329	188	181	109	91	235	253	230	208	0
*	5p	+	12	619184	430052	429245	618086	2096567	1848	2618	2013	1796	189	402	215	362	250	410	180	339	169	196	89	96	241	258	191	223	0
*	5p	+	13	622254	428445	429274	616530	2096503	2010	2354	1913	1687	209	377	148	297	219	322	152	294	175	159	99	104	270	273	211	209	0
*	5p	+	14	624334	427093	430694	614331	2096452	2280	2247	1998	1899	219	322	159	259	201	311	169	296	150	176	104	95	280	256	240	219	0
*	5p	+	15	629134	424930	428710	613644	2096418	2516	2158	1893	1869	216	358	147	297	222	355	149	281	145	149	92	91	275	258	222	240	0
*	5p	+	16	630666	422303	428927	614468	2096364	3216	2008	1883	1783	199	318	149	295	188	319	147	283	148	147	121	111	254	251	231	237	0
*	5p	+	17	636473	419804	428855	611085	2096217	3795	1929	1907	1832	226	344	174	321	180	320	171	286	174	142	96	124	207	160	123	149	0
*	5p	+	18	574790	372458	382251	549153	1878652	4135	1707	1767	1616	206	295	238	438	262	459	146	288	153	106	84	90	142	104	85	98	0
*	5p	+	19	513711	328189	338570	489632	1670102	3777	1454	1539	1437	140	221	118	230	137	241	124	226	141	105	69	65	99	95	49	66	0
*	5p	+	20	456035	287138	298573	433314	1475060	3769	1307	1436	1297	164	270	173	340	196	383	103	213	78	85	54	53	68	58	50	43	0
*	5p	+	21	403715	249905	261910	379504	1295034	3745	1262	1183	1122	136	424	163	294	462	378	91	293	64	73	44	44	47	47	30	38	0
*	5p	+	22	354068	216284	229348	331985	1131685	3504	964	988	938	96	152	87	156	109	176	67	146	54	45	29	40	45	35	16	31	0
*	5p	+	23	310887	187770	199052	288304	986013	3209	798	856	823	91	106	70	149	67	138	65	116	47	47	24	43	37	33	15	21	0
*	5p	+	24	271430	162313	171858	250506	856107	3026	727	785	718	90	171	103	198	159	204	54	142	45	33	21	30	32	27	13	11	0
*	5p	+	25	235902	138969	149416	216962	741249	2819	605	717	624	64	98	41	97	61	85	42	83	36	27	22	28	29	18	11	11	0
*	5p	+	26	204693	119453	128727	187961	640834	2680	492	558	520	61	77	46	77	52	97	39	75	40	18	14	18	25	23	7	12	0
*	5p	+	27	177756	103292	110217	162797	554062	2333	408	511	456	65	76	63	117	86	118	42	72	26	15	19	14	20	10	9	7	0
*	5p	+	28	154542	88656	94814	140562	478574	2180	385	446	385	43	51	18	73	51	62	21	57	28	19	12	13	20	13	11	4	0
*	5p	+	29	133919	76173	82794	121082	413968	2066	322	415	375	40	72	38	109	67	109	31	34	22	24	11	12	15	14	6	3	0
*	5p	+	30	114917	64859	70897	103547	354220	1817	231	315	323	31	46	30	44	41	57	22	33	18	16	9	12	13	5	5	3	0
*	5p	+	31	98780	54974	60577	88150	302481	1586	229	289	254	35	42	28	45	24	65	15	30	17	8	7	7	11	7	3	5	0
*	5p	+	32	84369	47106	51212	75851	258538	1366	175	232	206	17	26	17	34	15	37	11	21	8	8	3	8	11	12	2	1	0
*	5p	+	33	72325	39984	44457	64213	220979	1142	147	203	193	22	27	11	36	20	30	6	24	9	13	5	9	10	7	2	4	0
*	5p	+	34	62201	34030	37301	55521	189053	1000	135	181	145	18	36	24	40	31	43	19	21	7	9	5	4	5	7	2	3	0
*	5p	+	35	53211	28869	32030	47158	161268	875	110	166	135	16	11	14	23	14	17	14	10	4	6	7	3	8	6	2	3	0
*	5p	+	36	45405	24974	27021	40174	137574	778	94	108	118	9	17	11	21	11	20	12	17	5	4	4	1	3	4	0	2	0
*	5p	+	37	38773	20996	23091	34551	117411	691	82	98	108	15	26	9	29	27	30	5	13	8	3	1	1	1	4	1	2	0
*	5p	+	38	33351	18070	19744	29290	100455	595	81	109	85	8	19	13	23	28	24	11	18	3	6	3	1	3	3	1	0	0
*	5p	+	39	28595	15168	16861	25386	86010	460	62	99	66	8	8	3	16	5	9	9	4	5	4	4	2	1	1	0	0	0
*	5p	+	40	24494	12947	14438	21779	73658	447	48	76	64	5	4	7	7	7	10	3	6	9	3	2	4	1	3	0	0	0
*	5p	+	41	21211	11192	12148	18647	63198	360	44	58	42	6	10	5	10	4	9	1	7	2	2	4	2	2	2	0	1	0
*	5p	+	42	18094	9547	10644	15823	54108	326	30	31	61	3	5	4	7	5	10	3	5	2	2	1	1	3	2	1	1	0
*	5p	+	43	15492	8207	9200	13470	46369	253	44	39	44	4	5	3	5	4	3	2	6	3	4	1	0	0	3	0	0	0
*	5p	+	44	13454	6869	7784	11754	39861	239	23	38	31	6	6	1	7	3	4	3	4	3	0	0	0	1	1	0	0	0
*	5p	+	45	11539	6006	6660	10173	34378	167	27	41	30	6	6	4	10	4	5	1	8	1	0	1	0	2	1	0	0	0
*	5p	+	46	9815	5155	5899	8740	29609	153	24	29	28	2	6	2	6	3	7	2	1	0	0	1	1	1	1	0	0	0
*	5p	+	47	8475	4512	5039	7581	25607	129	18	22	30	2	4	2	2	0	7	1	6	2	2	0	0	3	1	0	0	0
*	5p	+	48	7384	3907	4342	6466	22099	115	6	21	9	2	7	1	7	3	5	4	2	3	1	0	2	2	1	0	0	0
*	5p	+	49	6432	3314	3685	5663	19094	128	6	22	19	2	1	1	5	5	4	0	5	1	2	1	0	1	0	0	0	0
*	5p	+	50	5587	2883	3226	4875	16571	96	17	18	23	0	3	1	3	2	3	2	3	0	2	0	0	2	0	0	0	0
*	5p	+	51	4717	2486	2908	4244	14355	98	4	13	11	2	1	2	0	1	2	2	2	0	1	0	0	0	1	1	0	0
*	5p	+	52	4223	2107	2387	3657	12374	58	7	14	11	2	4	6	6	6	4	1	2	0	0	0	0	0	0	0	1	0
*	5p	+	53	3676	1829	2052	3093	10650	63	7	7	11	2	0	0	2	1	1	1	0	1	1	1	0	0	1	0	0	0
*	5p	+	54	3029	1550	1832	2747	9158	67	5	19	4	2	1	1	1	1	3	2	2	0	1	0	0	0	0	0	0	0
*	5p	+	55	2674	1354	1552	2323	7903	50	4	3	7	0	3	1	1	0	2	1	0	1	0	0	0	0	0	0	0	0
*	5p	+	56	2317	1158	1360	1962	6797	32	0	3	4	0	1	2	1	0	2	0	0	0	2	1	0	1	0	0	0	0
*	5p	+	57	1987	1018	1171	1727	5903	36	4	3	2	0	1	0	1	0	1	0	1	1	1	0	1	0	0	0	0	0
*	5p	+	58	1743	824	954	1565	5086	36	4	2	6	0	1	1	1	3	3	0	1	0	1	0	1	0	0	0	0	0
*	5p	+	59	1495	753	853	1331	4432	23	1	5	3	1	1	2	1	1	2	0	0	1	0	0	0	0	0	0	1	0
*	5p	+	60	1270	668	759	1164	3861	30	1	3	2	0	1	0	1	1	1	0	0	1	0	0	0	0	0	0	0	0
*	5p	+	61	1145	577	626	990	3338	18	4	1	3	0	0	1	0	0	1	1	0	0	0	0	0	1	0	0	0	0
*	5p	+	62	968	472	557	901	2898	17	2	0	3	0	0	0	1	1	2	0	0	0	0	0	0	0	0	0	0	0
*	5p	+	63	824	424	544	715	2507	15	1	0	1	0	0	0	0	0	0	0	1	0	0	0	0	0	1	0	0	0
*	5p	+	64	763	340	402	671	2176	10	0	0	2	0	1	0	1	0	2	0	0	0	0	0	0	0	0	1	0	0
*	5p	+	65	627	307	379	584	1897	11	0	1	2	0	0	1	1	0	1	0	0	0	0	0	0	0	0	0	0	0
*	5p	+	66	560	261	309	496	1626	5	3	1	3	0	0	0	1	0	1	0	0	0	1	0	0	0	0	0	1	0
*	5p	+	67	463	211	297	448	1419	8	1	1	1	0	1	0	0	2	0	0	0	0	0	0	0	0	0	0	0	0
*	5p	+	68	420	218	252	338	1228	5	1	1	0	0	0	0	0	0	1	0	0	0	0	0	0	0	0	0	0	0
*	5p	+	69	381	166	193	318	1058	8	1	1	1	0	0	0	0	0	0	0	0	0	0	0	0	0	0	0	0	0
*	5p	+	70	307	163	179	279	928	9	0	0	1	0	0	0	0	0	1	0	0	0	0	0	0	0	0	0	0	0
*	5p	-	1	593112	438711	403818	660394	2096035	1373	10530	2041	1869	287	461	278	568	383	708	187	396	0	0	0	0	0	0	0	0	0
*	5p	-	2	599985	431920	406465	656705	2095075	1321	8261	1974	1817	223	360	181	310	209	326	221	354	224	148	171	179	236	664	243	230	0
*	5p	-	3	603048	435805	411360	645234	2095447	1683	7112	2229	2021	251	459	337	621	435	796	184	403	188	133	143	123	260	419	275	245	0
*	5p	-	4	609096	433129	414027	639477	2095729	1515	5693	1868	1930	216	328	157	283	184	339	182	346	169	133	134	107	239	338	243	207	0
*	5p	-	5	610154	434467	419088	632135	2095844	1533	4833	1912	1817	218	314	160	283	208	309	177	328	131	126	114	82	227	319	202	241	0
*	5p	-	6	609246	437187	416982	632550	2095965	1541	4262	1945	1854	226	318	159	302	187	312	148	300	129	144	99	116	207	254	233	216	0
*	5p	-	7	612961	434743	418765	629508	2095977	1556	3752	1915	1856	247	314	155	299	191	309	161	308	144	151	100	101	231	258	214	214	0
*	5p	-	8	612707	434312	421025	627926	2095970	1563	3412	1916	1823	237	324	141	310	171	305	151	310	126	137	96	85	248	240	236	211	0
*	5p	-	9	615114	433590	424093	623130	2095927	1919	3220	2210	1871	297	481	389	736	595	945	219	413	169	145	102	97	249	267	239	227	0
*	5p	-	10	616932	432187	426690	620090	2095899	1842	2849	2000	1812	221	380	259	437	308	502	156	330	181	162	115	116	261	275	243	230	0
*	5p	-	11	622352	430157	429814	613621	2095944	1868	2627	1983	1816	239	357	209	354	235	397	185	317	169	162	118	83	268	255	226	212	0
*	5p	-	12	623303	428731	429522	614435	2095991	1970	2440	1909	1826	212	296	160	286	195	322	155	278	175	197	112	78	247	257	200	193	0
*	5p	-	13	627776	426798	429339	612022	2095935	2184	2350	1900	1788	229	340	164	303	212	289	139	305	164	172	116	92	263	249	199	230	0
*	5p	-	14	628911	424886	429632	612428	2095857	2702	2178	1953	1777	223	308	160	289	220	299	147	310	178	178	84	92	291	251	244	215	0
*	5p	-	15	632820	423587	427871	611474	2095752	2910	2061	1838	1733	227	324	170	324	202	333	152	276	172	161	109	124	269	313	239	242	0
*	5p	-	16	637254	420037	428441	609851	2095583	3824	1943	1867	1774	204	331	166	325	186	291	156	300	209	204	112	117	298	294	247	252	0
*	5p	-	17	641736	416148	429798	607347	2095029	4873	1897	2016	1820	246	375	243	492	322	550	169	298	215	211	100	106	297	336	256	233	0
*	5p	-	18	578280	369900	382500	547610	1878290	4800	1610	1635	1600	157	240	131	253	173	269	120	257	198	186	98	106	201	223	131	181	0
*	5p	-	19	517650	325551	339564	486670	1669435	4792	1419	1679	1476	206	306	183	344	239	397	123	258	178	166	78	79	165	150	82	109	0
*	5p	-	20	460085	284885	300230	429310	1474510	4586	1345	1421	1308	187	534	195	338	537	458	109	331	139	114	63	77	107	107	62	66	0
*	5p	-	21	407776	248599	262537	375829	1294741	4351	1025	1097	1064	113	185	89	227	119	189	80	142	111	105	54	54	94	100	56	56	0
*	5p	-	22	359097	215505	229004	328499	1132105	4184	834	982	949	95	126	86	164	75	148	74	120	109	87	52	45	80	66	29	53	0
*	5p	-	23	314625	186567	199371	285776	986339	3987	802	1010	888	97	196	127	221	185	262	63	129	73	86	40	34	54	56	18	32	0
*	5p	-	24	273755	161417	171574	249187	855933	3536	646	771	704	63	105	58	111	74	130	58	95	67	70	38	31	48	55	20	14	0
*	5p	-	25	238958	138180	148731	215624	741493	3234	575	692	611	69	71	54	112	64	87	50	104	75	62	17	26	32	42	14	14	0
*	5p	-	26	207166	119459	128567	186022	641214	3110	494	576	500	56	99	85	131	88	137	31	75	46	40	16	23	36	27	11	20	0
*	5p	-	27	179303	102424	110612	162051	554390	2751	388	481	432	42	67	37	82	53	70	30	58	46	33	16	15	37	33	15	14	0
*	5p	-	28	155892	88063	95816	139553	479324	2603	347	458	412	56	69	55	96	72	120	36	58	33	42	17	16	23	30	8	9	0
*	5p	-	29	135636	75889	83387	120024	414936	2471	301	352	368	34	55	33	64	33	55	15	33	34	41	11	12	22	19	11	13	0
*	5p	-	30	116211	64784	70936	102712	354643	2138	244	297	311	43	57	27	62	45	59	27	56	35	36	19	11	24	20	12	12	0
*	5p	-	31	99529	54703	60877	87954	303063	1841	209	261	277	29	37	20	43	28	33	18	30	17	18	8	11	18	17	4	4	0
*	5p	-	32	85001	47285	51637	74864	258787	1530	158	257	225	24	39	23	58	37	23	19	37	14	24	7	10	12	9	7	9	0
*	5p	-	33	72933	39973	43758	64230	220894	1347	157	213	168	11	31	29	37	33	56	21	22	16	16	2	5	9	11	5	5	0
*	5p	-	34	62493	34023	37460	54724	188700	1199	95	152	166	14	24	19	29	20	27	12	26	12	11	6	3	12	16	3	5	0
*	5p	-	35	53263	28865	31864	46973	160965	910	99	127	131	18	13	13	13	12	27	10	18	8	15	2	3	13	4	4	2	0
*	5p	-	36	45933	24314	27324	40011	137582	886	88	142	119	11	28	20	31	16	42	9	25	12	12	3	4	8	10	6	1	0
*	5p	-	37	38824	21294	23327	34059	117504	755	81	109	101	8	19	19	33	18	30	4	15	9	2	4	8	5	10	6	4	0
*	5p	-	38	33686	17764	19718	29228	100396	574	65	85	80	5	9	1	14	9	14	4	6	10	6	1	2	8	5	6	1	0
*	5p	-	39	28759	15163	17033	25000	85955	566	36	85	77	9	15	6	16	6	15	4	9	5	9	3	5	9	8	1	6	0
*	5p	-	40	24629	12924	14586	21480	73619	437	43	68	68	8	7	2	6	6	12	4	11	8	7	0	3	4	6	2	3	0
*	5p	-	41	21268	11115	12386	18206	62975	359	35	39	48	4	7	5	13	10	5	2	9	8	5	1	2	5	2	4	1	0
*	5p	-	42	18123	9513	10588	15791	54015	325	40	51	56	7	9	3	6	2	10	2	5	5	3	0	2	3	5	1	1	0
*	5p	-	43	15612	8223	9250	13406	46491	299	21	33	34	2	5	3	7	4	5	0	7	5	1	2	1	4	2	1	0	0
*	5p	-	44	13374	6985	7945	11651	39955	213	27	43	43	2	5	0	7	6	9	4	2	4	2	2	3	3	1	0	0	0
*	5p	-	45	11609	6049	6699	9890	34247	224	23	30	22	9	7	8	10	10	7	1	6	2	1	0	3	4	3	0	0	0
*	5p	-	46	9943	5245	5799	8487	29474	164	14	28	21	5	3	2	8	6	3	0	2	2	3	0	2	1	0	0	3	0
*	5p	-	47	8758	4413	4945	7332	25448	159	17	21	24	1	4	1	8	2	8	2	6	1	2	1	0	2	0	0	2	0
*	5p	-	48	7476	3750	4247	6468	21941	137	13	33	17	3	2	1	4	2	2	0	3	3	3	2	0	3	2	1	1	0
*	5p	-	49	6347	3307	3707	5620	18981	116	9	10	21	3	3	2	1	0	1	0	3	1	3	2	0	1	0	0	1	0
*	5p	-	50	5490	2878	3186	4923	16477	94	15	11	12	1	2	1	1	0	2	0	0	4	1	0	1	2	0	1	0	0
*	5p	-	51	4845	2477	2778	4181	14281	83	6	21	11	4	1	3	8	5	2	1	3	0	1	2	1	2	0	1	1	0
*	5p	-	52	4227	2083	2367	3694	12371	74	8	11	6	3	5	1	3	2	2	2	2	2	0	0	1	3	2	1	0	0
*	5p	-	53	3640	1866	2118	3073	10697	61	6	10	10	0	2	2	3	1	2	1	1	0	1	0	1	2	0	0	0	0
*	5p	-	54	3193	1573	1790	2660	9216	51	3	9	12	1	0	4	1	0	2	0	1	1	0	0	1	1	0	1	0	0
*	5p	-	55	2666	1351	1611	2362	7990	46	4	17	4	1	2	0	3	1	1	0	2	0	0	0	1	0	0	1	0	0
*	5p	-	56	2377	1205	1355	1984	6921	43	4	4	9	0	2	1	0	0	1	0	3	1	0	0	0	1	0	1	0	0
*	5p	-	57	2068	985	1208	1752	6013	43	4	4	4	0	1	1	1	0	2	2	1	0	0	0	1	0	1	0	1	0
*	5p	-	58	1777	912	992	1530	5211	37	2	10	1	0	0	1	2	1	0	0	0	0	0	0	0	1	0	0	0	0
*	5p	-	59	1535	770	866	1343	4514	25	5	5	3	1	0	1	0	2	0	0	0	0	0	0	0	0	1	1	0	0
*	5p	-	60	1351	673	720	1178	3922	17	7	5	4	0	1	0	2	1	1	0	1	0	1	0	0	0	1	1	0	0
*	5p	-	61	1170	576	635	995	3376	21	0	3	3	0	1	0	0	0	2	0	1	0	0	0	0	0	0	0	0	0
*	5p	-	62	1034	519	573	856	2982	17	1	1	2	0	0	0	0	0	1	1	1	1	0	2	0	0	0	0	0	0
*	5p	-	63	886	398	516	784	2584	19	0	2	1	1	0	0	1	1	0	1	0	0	0	0	1	0	0	0	0	0
*	5p	-	64	783	376	447	661	2267	14	1	5	2	0	0	0	0	0	1	0	0	1	3	0	1	0	0	0	0	0
*	5p	-	65	668	346	366	591	1971	11	1	1	1	0	0	0	2	0	0	0	0	0	1	0	1	0	0	0	0	0
*	5p	-	66	630	273	315	489	1707	9	0	1	2	0	1	0	0	0	0	1	0	0	0	0	0	0	0	0	0	0
*	5p	-	67	526	255	288	430	1499	7	0	0	0	0	0	0	0	0	0	0	0	0	0	0	0	0	0	0	0	0
*	5p	-	68	441	231	227	422	1321	5	1	2	0	0	0	0	0	1	1	0	0	0	0	0	0	0	1	0	0	0
*	5p	-	69	379	199	227	361	1166	6	2	0	0	0	0	0	0	0	0	0	1	0	1	0	0	0	0	0	0	0
*	5p	-	70	347	179	205	315	1046	7	1	0	1	0	0	0	0	0	0	0	0	0	0	0	0	0	0	0	0	0
