burnIn   <= 1000000,   maxState  = 10000000
statistic	mean	stdErr	median	hpdLower	hpdUpper	ESS	50hpdLower	50hpdUpper
joint	-74363.5429	8.1954	-74363.1223	-74380.2437	-74348.3295	927.4278	-74368.297	-74357.5643	
prior	-1893.1839	18.9558	-1892.9871	-1930.4977	-1856.7218	205.9411	-1903.6907	-1877.8	
likelihood	-72470.3591	18.1871	-72470.3508	-72505.1758	-72435.3739	272.604	-72481.6964	-72456.5794	
treeModel.rootHeight	5165.4085	174.8105	5160.1832	4834.7882	5508.4564	315.9789	5020.536	5255.3803	
age(root)	-3147.0797	174.8105	-3141.8544	-3490.1276	-2816.4594	315.9789	-3237.0516	-3002.2073	
treeLength	30193.3712	874.2265	30166.66	28542.5431	31940.8196	211.6262	29511.8336	30711.1352	
exponential.popSize	394.731	17.2799	394.3835	361.4178	428.329	2196.3408	382.0914	405.4154	
exponential.growthRate	-0.0122	8.6104E-4	-0.0122	-0.0139	-0.0105	5822.5451	-0.0128	-0.0116	
gtr.rates.rateAC	0.5643	0.0189	0.564	0.5278	0.6019	2286.8397	0.55	0.5754	
gtr.rates.rateAG	2.1323	0.0369	2.1331	2.0586	2.202	1126.5628	2.1107	2.1597	
gtr.rates.rateAT	0.416	0.0211	0.4154	0.3753	0.4575	2171.7609	0.3997	0.4278	
gtr.rates.rateCG	0.2221	9.6387E-3	0.2222	0.2046	0.2427	1814.4078	0.2171	0.2298	
gtr.rates.rateCT	2.1127	0.0361	2.1121	2.0447	2.1856	1106.9138	2.088	2.1361	
gtr.rates.rateGT	0.5526	0.0181	0.5522	0.5174	0.5872	2370.5454	0.5411	0.5651	
frequencies1	0.2016	3.0632E-3	0.2016	0.1958	0.2077	1896.6104	0.1989	0.2031	
frequencies2	0.297	3.621E-3	0.297	0.2902	0.3043	2042.2507	0.2944	0.2993	
frequencies3	0.2921	3.6495E-3	0.2921	0.2843	0.2986	2164.7413	0.2897	0.2946	
frequencies4	0.2093	3.144E-3	0.2093	0.2032	0.2155	2094.4815	0.2069	0.2111	
alpha	40.1342	3.1432	39.9882	33.7542	46.041	7011.8913	37.8352	41.9965	
clock.rate	3.7428E-5	1.1385E-6	3.7428E-5	3.5237E-5	3.9658E-5	231.9045	3.6581E-5	3.8148E-5	
meanRate	3.7428E-5	1.1385E-6	3.7428E-5	3.5237E-5	3.9658E-5	231.9045	3.6581E-5	3.8148E-5	
coalescentEventsStatistic1	1.3989E5	17656.4022	1.4035E5	1.0604E5	1.748E5	1170.6509	1.2852E5	1.5239E5	
coalescentEventsStatistic2	16780.7343	13765.6867	13581.3392	3.8854	43401.024	3733.7775	3.8854	13581.3392	
coalescentEventsStatistic3	11035.7896	9340.0552	8623.7372	1.2518	29117.2709	4286.2346	1.9536	8624.413	
coalescentEventsStatistic4	8764.1656	7785.1105	6589.0107	1.2451	24313.1352	4047.2948	1.2451	6589.0107	
coalescentEventsStatistic5	7556.7111	7061.551	5427.0886	2.3151	21609.0008	3586.8071	3.3229	5427.4873	
coalescentEventsStatistic6	6788.5745	6327.1089	4966.474	0.1936	19816.5394	4171.0943	0.5817	4966.8444	
coalescentEventsStatistic7	6275.5192	5938.6058	4458.3213	1.0152	18089.4547	5533.3168	1.0152	4458.3213	
coalescentEventsStatistic8	5933.2108	5685.672	4213.5986	0.1323	17365.2739	5813.2563	7.6187	4215.6501	
coalescentEventsStatistic9	5767.9402	5557.1509	4072.1835	0.1301	16936.2625	5764.5337	0.1301	4072.1835	
coalescentEventsStatistic10	5803.2548	5676.7383	4105.9319	0.2946	17309.6566	5362.1523	0.2946	4105.9319	
coalescentEventsStatistic11	5891.0197	5668.96	4175.7006	0.5981	17157.1165	4742.6585	0.5981	4175.7006	
coalescentEventsStatistic12	5723.1938	5657.8981	3980.3583	2.2146	17074.3801	4787.1739	6.9701	3983.0282	
coalescentEventsStatistic13	5857.9929	5771.2395	4025.565	0.0721	17703.0126	6062.6427	0.0721	4025.565	
coalescentEventsStatistic14	5809.2181	5693.2195	4051.8636	0.4573	17355.5517	5312.6697	0.4573	4051.8636	
coalescentEventsStatistic15	6239.0637	5965.5373	4426.4485	0.3504	18264.775	5600.6988	0.3504	4426.4485	
coalescentEventsStatistic16	6566.8251	6177.284	4710.8138	0.5648	19041.4628	6051.9453	2.0376	4711.5241	
coalescentEventsStatistic17	6867.6124	6350.9159	4968.6913	0.0398	19753.2986	6675.8039	7.001	4973.5693	
coalescentEventsStatistic18	7458.0585	6947.6337	5473.2333	6.5944E-4	21639.8015	4238.9417	6.5944E-4	5473.2333	
coalescentEventsStatistic19	7815.6356	7087.8227	5800.2111	0.6164	22134.747	6231.9748	1.1646	5800.5772	
coalescentEventsStatistic20	7508.5654	6779.6731	5625.5777	0.3626	20856.8197	3966.0367	3.8973	5627.2415	
coalescentEventsStatistic21	6920.0464	6272.5554	5172.9385	0.6184	19353.0241	5588.4348	2.5449	5174.5386	
coalescentEventsStatistic22	6373.1772	5771.628	4780.1027	0.1508	17764.1125	5552.8678	1.8454	4781.7919	
coalescentEventsStatistic23	6027.9375	5479.6335	4435.5646	0.2483	17116.9847	5011.1527	9.6971	4444.2649	
coalescentEventsStatistic24	5590.9018	5096.2586	4170.2714	0.671	16070.0633	5665.6846	0.671	4170.2714	
coalescentEventsStatistic25	5452.4932	4962.9305	4050.789	1.3775	15342.3158	5907.4328	1.3775	4050.789	
coalescentEventsStatistic26	5366.4077	4854.6151	3965.5894	0.6695	15061.921	5647.8624	0.6695	3965.5894	
coalescentEventsStatistic27	5443.1084	4965.784	4009.8738	0.1512	15317.0615	4988.8305	13.9858	4022.3956	
coalescentEventsStatistic28	5602.5262	5150.3346	4095.6367	0.9746	15972.1678	5121.9009	1.3013	4095.7365	
coalescentEventsStatistic29	5798.7028	5324.6992	4215.4218	1.8997	16621.3754	4231.3095	11.2916	4221.8152	
coalescentEventsStatistic30	5801.7788	5212.7863	4266.1569	0.8051	16306.3565	3744.2388	1.8156	4266.5141	
coalescentEventsStatistic31	5219.7326	4638.467	3985.746	0.3278	14518.2383	5017.3615	0.3278	3985.746	
coalescentEventsStatistic32	4335.4268	4003.069	3141.9152	0.1126	12365.9943	4599.0323	0.1126	3141.9152	
coalescentEventsStatistic33	3736.8872	3523.4747	2682.5403	0.4039	10857.2518	4006.7549	3.653	2684.6903	
coalescentEventsStatistic34	3168.3014	2963.133	2295.5874	0.34	9162.2377	3955.1935	0.34	2295.5874	
coalescentEventsStatistic35	2734.3884	2601.8009	1954.0197	2.6397E-3	7927.538	3552.7986	0.5599	1954.3367	
coalescentEventsStatistic36	2406.4279	2302.1213	1698.6666	0.0167	7047.7836	3745.2104	0.0167	1698.6666	
coalescentEventsStatistic37	2207.445	2119.0616	1556.1903	0.495	6485.3604	2580.4436	0.495	1556.1903	
coalescentEventsStatistic38	2063.2616	1955.1763	1475.7032	0.0541	6105.3518	2809.0841	0.2238	1475.7335	
coalescentEventsStatistic39	1930.1714	1832.2442	1389.1103	0.1221	5617.303	3676.3939	0.1221	1389.1103	
coalescentEventsStatistic40	1841.1149	1770.5364	1298.6263	0.8255	5369.3457	3147.866	0.8255	1298.6263	
coalescentEventsStatistic41	1748.5898	1685.1725	1235.3248	0.2193	5142.1834	3331.8347	0.2193	1235.3248	
coalescentEventsStatistic42	1680.6859	1601.4435	1195.4289	0.1487	4940.9643	3465.7344	0.1487	1195.4289	
coalescentEventsStatistic43	1629.1269	1564.6297	1165.3797	0.575	4797.4646	3539.6016	0.9633	1165.6406	
coalescentEventsStatistic44	1600.1448	1512.6996	1153.302	0.1166	4659.5055	4205.804	0.1166	1153.302	
coalescentEventsStatistic45	1567.3061	1450.7687	1144.3639	0.0507	4507.6925	5422.3856	1.2703	1145.3501	
coalescentEventsStatistic46	1591.745	1474.3166	1163.5883	0.0217	4581.0024	5318.142	0.4821	1163.9503	
coalescentEventsStatistic47	1589.8756	1479.0785	1152.9213	0.0479	4556.8444	5624.8474	0.0479	1152.9213	
coalescentEventsStatistic48	1584.0543	1447.2602	1167.2072	0.0458	4527.1574	4897.0875	2.111	1168.8594	
coalescentEventsStatistic49	1566.3197	1440.027	1152.1076	0.1446	4505.5245	5702.2906	0.1446	1152.1076	
coalescentEventsStatistic50	1569.9666	1438.7007	1155.1303	0.0915	4465.7588	4172.5397	0.2553	1155.1671	
coalescentEventsStatistic51	1582.2861	1428.7146	1176.4271	0.4064	4431.7482	3930.4425	0.5606	1176.4803	
coalescentEventsStatistic52	1542.7902	1388.3813	1149.5011	0.149	4322.5673	3722.8488	0.149	1149.5011	
coalescentEventsStatistic53	1532.0666	1379.4498	1135.4237	0.2809	4333.986	4308.8839	2.6864	1137.2428	
coalescentEventsStatistic54	1494.8632	1352.5072	1109.8522	0.1147	4232.5308	5482.2376	0.1147	1109.8522	
coalescentEventsStatistic55	1490.3617	1322.676	1124.8596	0.3758	4186.4356	3023.5817	0.3758	1124.8596	
coalescentEventsStatistic56	1463.1134	1300.5192	1094.1481	0.6056	4055.1284	5366.2659	2.5052	1095.9865	
coalescentEventsStatistic57	1423.8492	1257.3378	1070.2357	0.2248	3977.8566	5022.8748	0.2248	1070.2357	
coalescentEventsStatistic58	1389.5062	1237.4816	1047.8712	0.2461	3830.0445	5276.8019	0.2461	1047.8712	
coalescentEventsStatistic59	1414.8141	1252.1215	1077.1	0.0228	3925.932	4655.479	0.3637	1077.2657	
coalescentEventsStatistic60	1371.9369	1224.6762	1020.4201	0.1237	3802.6716	5115.1905	0.5562	1020.4816	
coalescentEventsStatistic61	1390.7042	1247.0593	1066.1928	0.2234	3918.9652	4654.0209	0.2234	1066.1928	
coalescentEventsStatistic62	1401.2634	1283.3994	1014.3728	0.1357	3956.2037	3930.5174	0.7854	1014.5598	
coalescentEventsStatistic63	1433.2612	1332.1115	1042.6915	0.0226	4173.8502	3097.424	0.0226	1042.6915	
coalescentEventsStatistic64	1480.0264	1388.6706	1063.7357	0.0812	4316.3022	2885.7668	0.4751	1064.0301	
coalescentEventsStatistic65	1646.2245	1524.1786	1179.7452	0.1174	4797.4813	1560.8064	0.1174	1179.7452	
coalescentEventsStatistic66	2143.8705	1931.8261	1559.8057	0.1099	6068.8411	1781.9304	2.9627	1561.9664	
coalescentEventsStatistic67	2263.8726	1901.4206	1761.5266	0.6861	6052.5381	2161.2926	2.8677	1762.5789	
coalescentEventsStatistic68	1858.5223	1591.7525	1447.9664	0.0479	5036.4489	2352.6559	0.0479	1447.9664	
coalescentEventsStatistic69	1299.3789	1243.1808	901.8708	6.1185E-3	3860.9522	2622.0785	6.1185E-3	901.8708	
coalescentEventsStatistic70	936.5286	933.5777	643.9745	0.0369	2837.5431	3050.4201	0.0369	643.9745	
coalescentEventsStatistic71	784.1429	780.8806	544.1275	0.0653	2358.3687	2478.8842	0.0653	544.1275	
coalescentEventsStatistic72	737.6321	712.797	524.7784	3.3163E-4	2159.7977	2858.3726	3.3163E-4	524.7784	
coalescentEventsStatistic73	700.2885	672.3208	499.5025	0.1155	2072.771	2797.7931	0.2025	499.5702	
coalescentEventsStatistic74	704.9027	692.6503	496.9565	3.7015E-3	2063.5048	2613.1004	3.7015E-3	496.9565	
coalescentEventsStatistic75	723.6417	700.44	524.1638	0.0261	2128.8589	2024.8705	0.0261	524.1638	
coalescentEventsStatistic76	783.3362	781.5346	558.5974	0.07	2322.2454	1653.0183	0.4384	558.7064	
coalescentEventsStatistic77	951.9814	967.1584	650.02	0.0555	2941.2918	1824.7145	0.0555	650.02	
coalescentEventsStatistic78	1440.7416	1348.8868	1024.4346	5.0237E-3	4148.3977	3123.2149	5.0237E-3	1024.4346	
coalescentEventsStatistic79	3611.7799	2095.486	3603.0121	1.1386	7069.8124	1877.0541	2129.775	5369.0959	
coalescentEventsStatistic80	1759.9989	1376.9117	1483.1442	0.0923	4476.4739	3098.2811	4.2214	1486.8602	
coalescentEventsStatistic81	1266.4244	948.1	1104.7667	0.2039	2989.6243	3741.1126	0.2039	1104.7667	
coalescentEventsStatistic82	1159.7132	825.4404	1047.6256	0.2101	2645.533	3211.9268	0.2101	1047.6256	
coalescentEventsStatistic83	1170.3477	928.253	955.5297	0.2336	2988.6723	3556.5038	1.3779	956.4898	
coalescentEventsStatistic84	3705.0342	986.3997	3714.6777	1861.8281	5719.6844	2984.924	3067.8207	4315.7686	
coalescentEventsStatistic85	2477.8869	1566.9029	2321.3616	0.5878	5276.4014	906.0503	392.3846	2655.8434	
coalescentEventsStatistic86	4171.6968	1844.8878	4186.7654	348.38	7506.7867	1400.7935	2999.6572	5540.7644	
coalescentEventsStatistic87	3028.0684	1612.4922	2981.6597	8.9669	5770.0976	2028.4403	1888.1108	4187.0122	
coalescentEventsStatistic88	1919.4396	1206.1462	1805.8679	0.1835	4052.2138	1472.4175	420.1534	2180.5509	
coalescentEventsStatistic89	1537.2776	488.2769	1511.84	665.2328	2564.9549	4389.2919	1124.971	1753.6043	
coalescentEventsStatistic90	5881.3371	729.1571	5887.8859	4419.0522	7268.3092	823.0403	5359.5928	6309.4174	
coalescentEventsStatistic91	724.6757	420.3117	712.8701	0.0244	1453.0972	1879.4405	498.2158	1042.5033	
coalescentEventsStatistic92	564.5	285.7865	577.8843	1.7279	1024.7159	3155.3325	397.4423	785.3442	
coalescentEventsStatistic93	594.8057	270.2255	610.661	3.4211	1004.4053	1920.4605	469.8998	794.5808	
coalescentEventsStatistic94	2578.5565	633.9072	2618.9024	1304.647	3696.7085	556.5176	2247.8248	3132.5598	
coalescentEventsStatistic95	647.0761	420.2938	600.8675	0.0289	1399.5217	911.2255	60.5855	651.4796	
coalescentEventsStatistic96	2567.0269	369.5874	2570.5551	1844.2868	3289.9434	488.9608	2352.2996	2848.472	
coalescentEventsStatistic97	4429.746	270.1963	4426.0565	3897.2701	4954.2817	1089.4354	4216.3648	4573.3054	
coalescentEventsStatistic98	307.236	107.4571	303.998	96.501	517.5613	4399.303	222.7334	367.1919	
coalescentEventsStatistic99	3199.2737	137.2681	3196.1847	2930.0146	3459.7153	419.8781	3098.2473	3279.1745	
treeLikelihood	-72470.3591	18.1871	-72470.3508	-72505.1758	-72435.3739	272.604	-72481.6964	-72456.5794	
branchRates	0	0	0	0	0	NaN	0	0	
coalescent	-1422.5537	21.4757	-1422.3477	-1463.7062	-1380.2898	450.322	-1435.9658	-1407.4804	

