# table produced by mapDamage version 2.0.3
# using mapped file tmp1.sam and ../BmelReference/GCF_000007125.1_ASM712v1_genomic.fna as reference file
# Chr: reference from sam/bam header, End: from which termini of DNA sequences, Std: strand of reads
Chr	End	Std	Pos	A	C	G	T	Total	G>A	C>T	A>G	T>C	A>C	A>T	C>G	C>A	T>G	T>A	G>C	G>T	A>-	T>-	C>-	G>-	->A	->T	->C	->G	S
*	3p	+	1	254141	201701	357403	138235	951480	24180	387	1075	589	140	166	508	520	298	229	271	308	0	0	0	0	0	0	0	0	0
*	3p	+	2	222108	272429	304750	152190	951477	17251	427	840	668	118	124	399	364	212	189	170	242	1	0	0	1	0	0	0	0	0
*	3p	+	3	223222	275194	277077	175983	951476	10137	390	838	793	99	109	215	272	111	136	102	162	1	0	0	1	1	0	0	0	0
*	3p	+	4	237241	252647	285730	175847	951465	8522	312	774	697	80	101	81	323	62	93	81	114	0	0	1	0	4	1	6	3	0
*	3p	+	5	218968	266669	289870	175951	951458	7318	392	728	672	61	77	88	336	53	82	75	117	3	1	3	1	6	4	4	8	0
*	3p	+	6	220272	265474	276567	189090	951403	5941	459	705	663	77	76	89	260	81	93	66	127	5	5	7	4	14	19	15	28	0
*	3p	+	7	223457	254236	287462	186249	951404	5351	601	801	720	72	76	94	252	88	75	54	119	19	12	23	14	18	13	20	24	0
*	3p	+	8	209934	265442	296298	179743	951417	4564	702	695	607	59	85	104	231	78	63	70	149	11	11	32	19	23	11	11	18	0
*	3p	+	9	207618	270739	277609	195459	951425	3616	818	664	659	76	97	103	206	88	113	88	149	22	14	27	10	14	6	12	24	0
*	3p	+	10	216568	258054	286512	190296	951430	3391	787	721	607	61	108	109	218	57	84	90	141	17	17	29	20	14	8	12	16	0
*	3p	+	11	200965	273415	293213	183841	951434	3036	810	674	670	57	73	93	214	48	67	68	146	5	14	28	19	7	8	10	21	0
*	3p	+	12	201807	275303	274860	199468	951438	2715	906	612	665	68	76	115	221	82	87	93	147	20	17	35	18	14	7	8	14	0
*	3p	+	13	214095	261512	284628	191201	951436	2402	778	751	621	68	90	101	192	67	81	74	173	20	21	28	18	14	6	13	12	0
*	3p	+	14	198430	276478	292172	184354	951434	2299	869	711	644	79	73	79	199	72	85	79	153	21	14	21	36	13	4	11	19	0
*	3p	+	15	200306	278042	274340	198751	951439	2000	857	633	702	75	74	85	192	52	74	76	188	17	16	24	26	9	3	11	17	0
*	3p	+	16	210721	264641	281563	194514	951439	1887	848	733	585	65	83	96	193	60	89	72	168	28	17	31	30	8	7	15	12	0
*	3p	+	17	195503	279870	289481	186576	951430	1868	1003	670	610	82	97	86	207	76	81	72	197	21	24	41	31	13	13	10	14	0
*	3p	+	18	198862	279438	271796	201333	951429	1600	1091	697	664	63	80	100	228	66	81	88	139	25	12	35	34	8	13	7	19	0
*	3p	+	19	208360	265796	280041	197250	951447	1619	1137	728	631	78	102	78	159	63	86	90	155	23	12	46	38	9	8	9	8	0
*	3p	+	20	194302	281173	287349	188617	951441	1575	1309	713	598	63	84	87	194	70	89	82	175	17	18	48	32	8	10	6	15	0
*	3p	+	21	193547	283083	267920	206891	951441	1388	1508	658	665	66	63	91	200	70	87	61	186	21	26	39	30	5	12	12	8	0
*	3p	+	22	206106	267031	277356	200931	951424	1430	1613	665	654	91	90	94	163	65	70	78	173	25	18	52	37	12	12	15	18	0
*	3p	+	23	192677	281780	283095	193869	951421	1320	1932	695	632	69	77	81	194	67	66	68	183	23	23	41	22	14	19	10	16	0
*	3p	+	24	193040	283043	264985	210355	951423	1207	2185	714	707	80	82	95	182	77	75	90	171	17	26	36	38	12	12	13	19	0
*	3p	+	25	204762	268856	273129	204684	951431	1156	2509	709	660	76	93	77	188	56	82	74	196	14	18	39	33	3	15	15	17	0
*	3p	+	26	191537	284072	279927	195887	951423	1182	2945	654	647	78	103	80	198	56	85	103	216	18	16	26	32	9	11	16	20	0
*	3p	+	27	192038	282554	263955	212857	951404	938	3535	705	616	79	74	97	176	72	92	84	210	25	21	57	31	17	23	20	16	0
*	3p	+	28	203980	268928	272513	205997	951418	931	3732	768	642	77	118	87	187	66	78	105	233	20	22	36	47	11	19	15	18	0
*	3p	+	29	186676	286213	279564	198962	951415	889	5129	690	643	126	95	97	168	73	79	121	245	19	14	38	39	14	26	12	14	0
*	3p	+	30	184934	288260	260787	217442	951423	826	6628	756	690	120	110	91	206	83	86	145	285	20	14	37	35	11	20	11	15	0
*	3p	+	31	181337	255527	247840	195116	879820	772	6049	719	661	110	108	103	141	66	77	159	234	17	12	34	22	6	17	11	14	0
*	3p	+	32	155907	247726	234489	173926	812048	685	5917	563	583	87	106	101	159	56	64	157	252	14	16	25	30	10	12	12	11	0
*	3p	+	33	144325	227655	203301	173143	748424	615	5616	561	584	100	87	78	127	65	66	125	220	19	9	24	26	6	13	11	9	0
*	3p	+	34	140441	199801	192127	153166	685535	556	5042	566	473	78	105	92	118	70	59	120	211	8	14	32	17	10	13	4	10	0
*	3p	+	35	120351	190693	180878	135373	627295	550	4920	435	456	88	81	81	114	51	44	110	198	9	14	19	29	9	5	9	13	0
*	3p	+	36	110961	174947	155185	132683	573776	410	4694	412	450	59	77	59	93	57	66	117	174	8	8	27	13	8	10	9	11	0
*	3p	+	37	106631	153450	145101	117282	522464	418	4129	415	352	67	53	65	92	38	51	97	174	9	9	20	18	4	7	12	10	0
*	3p	+	38	90364	146126	136159	102811	475460	380	3931	353	363	66	67	52	98	29	49	92	154	17	7	18	11	7	5	6	11	0
*	3p	+	39	82951	131883	116820	101271	432925	337	3527	334	298	55	61	52	79	36	46	115	133	8	8	18	17	10	13	10	7	0
*	3p	+	40	79881	114932	108801	88836	392450	287	3281	287	270	48	53	41	75	35	33	77	122	7	7	17	18	10	8	7	11	0
*	3p	+	41	67284	109507	101419	77553	355763	281	3149	284	270	45	50	45	58	26	37	62	116	7	7	9	17	7	7	8	11	0
*	3p	+	42	61339	98140	87527	75873	322879	223	2815	243	232	63	55	45	66	31	33	72	101	8	6	12	8	5	9	4	6	0
*	3p	+	43	58894	85494	80875	66314	291577	233	2474	219	220	32	39	38	55	17	26	70	99	6	2	9	7	3	6	1	6	0
*	3p	+	44	49929	80241	75442	57764	263376	196	2337	192	207	35	39	27	48	30	17	66	83	0	8	10	8	3	5	7	3	0
*	3p	+	45	45635	72595	64017	56069	238316	176	1985	156	201	40	40	31	31	20	28	66	76	6	3	6	8	2	5	3	3	0
*	3p	+	46	42953	62971	59529	48976	214429	158	1802	156	179	33	28	33	30	20	25	51	75	0	6	9	5	3	0	2	5	0
*	3p	+	47	36343	59192	55244	42666	193445	139	1631	173	157	33	35	38	29	18	16	41	65	2	3	6	4	3	2	3	4	0
*	3p	+	48	32836	53364	47265	41218	174683	114	1538	113	135	28	21	23	26	16	15	29	53	2	4	9	10	1	4	5	5	0
*	3p	+	49	31593	46120	43681	35688	157082	109	1346	104	135	29	33	18	28	13	13	36	56	1	4	5	3	1	3	1	3	0
*	3p	+	50	26484	43902	40194	31011	141591	112	1252	105	107	14	18	24	30	13	13	35	47	1	1	5	2	1	1	3	2	0
*	3p	+	51	24209	39041	34306	30213	127769	80	1142	91	87	18	17	16	27	12	12	29	37	0	2	4	5	4	8	3	3	0
*	3p	+	52	23237	33398	31725	26486	114846	80	969	99	92	19	14	16	23	5	15	28	41	2	3	1	2	1	1	1	4	0
*	3p	+	53	19453	31804	29362	22685	103304	85	885	76	62	15	13	12	10	12	12	24	32	0	2	3	5	0	0	4	1	0
*	3p	+	54	17775	28501	24893	22076	93245	82	830	90	72	16	13	15	10	10	13	23	26	5	1	6	1	1	1	3	1	0
*	3p	+	55	16988	24833	23138	18965	83924	72	672	61	52	9	17	6	7	9	7	15	18	1	1	3	3	1	5	1	2	0
*	3p	+	56	14427	23225	21356	16549	75557	59	604	44	67	10	10	12	12	6	10	13	19	3	1	1	3	1	3	5	0	0
*	3p	+	57	12861	20819	18257	16125	68062	46	590	47	58	12	9	8	17	9	8	12	19	0	0	1	1	3	2	3	1	0
*	3p	+	58	12219	17975	16731	14116	61041	37	523	29	37	15	8	4	9	9	3	20	21	1	1	3	6	2	2	2	0	0
*	3p	+	59	10392	16992	15525	12043	54952	35	496	37	44	7	12	11	14	7	7	9	14	1	0	1	3	1	3	0	0	0
*	3p	+	60	9393	15154	13242	11605	49394	29	433	51	43	8	9	8	5	4	3	10	9	3	2	1	0	4	0	1	0	0
*	3p	+	61	8958	13032	12231	10177	44398	36	348	30	43	8	10	11	7	2	7	17	16	3	0	3	2	0	1	3	0	0
*	3p	+	62	7538	12203	11372	8953	40066	29	343	39	26	11	5	6	6	3	4	6	19	0	0	6	1	1	2	2	1	0
*	3p	+	63	6856	11018	9645	8698	36217	35	294	27	35	5	5	4	3	2	6	6	8	0	1	5	0	1	1	1	1	0
*	3p	+	64	6715	9501	8966	7511	32693	23	258	19	23	7	4	5	9	5	2	2	12	1	1	0	1	1	1	1	0	0
*	3p	+	65	5629	9051	8228	6626	29534	23	250	12	31	5	4	3	6	2	3	11	12	0	0	2	0	0	0	0	1	0
*	3p	+	66	5131	8121	7075	6376	26703	20	229	28	23	6	3	7	4	3	6	10	11	0	0	3	1	0	0	1	0	0
*	3p	+	67	4967	6991	6496	5457	23911	21	187	22	18	9	7	2	5	0	2	7	2	0	0	1	3	0	0	1	0	0
*	3p	+	68	4052	6555	6089	4861	21557	18	213	14	16	4	3	5	4	2	4	9	6	1	0	0	1	0	2	0	1	0
*	3p	+	69	3803	6016	5097	4566	19482	17	163	15	14	2	3	4	2	1	3	4	7	0	0	0	3	1	1	0	2	0
*	3p	+	70	3535	5238	4811	3969	17553	6	150	16	19	3	1	3	2	3	2	4	8	0	0	3	0	1	0	0	1	0
*	3p	-	1	236567	222065	334035	159298	951965	22480	473	1059	615	126	159	575	597	321	276	288	291	0	0	0	0	0	0	0	0	0
*	3p	-	2	214812	272869	297758	166522	951961	16353	412	815	708	107	103	380	371	253	236	194	210	0	0	0	0	0	0	0	0	0
*	3p	-	3	213882	280635	272843	184593	951953	9562	409	731	759	91	107	219	311	172	163	102	127	1	1	0	0	2	0	7	5	0
*	3p	-	4	228510	259681	280038	183698	951927	8412	322	758	699	65	101	99	338	88	113	78	123	2	0	4	5	7	11	11	11	0
*	3p	-	5	214342	272816	282908	181834	951900	6974	375	718	690	70	65	95	334	85	86	74	145	4	12	9	10	21	11	16	20	0
*	3p	-	6	213534	271017	273360	193979	951890	5818	430	739	746	66	65	88	295	98	98	68	124	11	12	17	20	14	18	25	18	0
*	3p	-	7	217769	260602	282646	190874	951891	5029	597	706	660	56	73	104	242	78	92	86	169	23	29	30	28	28	7	20	21	0
*	3p	-	8	207385	271087	290594	182840	951906	4436	723	682	618	67	70	115	195	87	86	62	152	14	32	32	30	15	7	16	24	0
*	3p	-	9	203521	275071	275623	197694	951909	3754	813	649	725	59	73	106	229	87	95	75	151	18	25	38	33	18	10	21	9	0
*	3p	-	10	213501	263956	281649	192817	951923	3461	834	705	641	61	70	84	221	94	80	83	141	18	25	25	36	10	7	17	10	0
*	3p	-	11	200711	275664	289221	186331	951927	3084	812	737	644	65	81	102	199	90	57	61	165	14	17	27	35	8	7	12	13	0
*	3p	-	12	199925	278809	272591	200602	951927	2532	851	723	641	62	78	93	204	81	82	69	143	15	30	20	31	8	10	12	11	0
*	3p	-	13	212324	264630	280425	194544	951923	2432	803	743	616	68	92	92	189	71	84	74	174	18	18	30	20	10	8	17	9	0
*	3p	-	14	199630	277950	287340	187009	951929	2245	803	671	605	59	73	83	199	74	92	78	184	16	16	29	30	12	5	12	10	0
*	3p	-	15	199291	280642	272012	199972	951917	1955	893	686	674	60	79	94	230	77	80	66	187	17	21	28	25	14	11	10	15	0
*	3p	-	16	209208	267574	278169	196968	951919	1893	867	721	701	64	78	85	188	87	80	70	146	26	16	29	34	13	13	11	11	0
*	3p	-	17	197083	280167	286202	188476	951928	1834	984	678	597	59	85	84	204	79	92	71	168	18	19	15	34	11	8	13	8	0
*	3p	-	18	196941	282198	270957	201826	951922	1578	1076	703	685	53	92	99	192	74	81	83	176	20	22	40	27	9	15	11	11	0
*	3p	-	19	206409	268797	277585	199133	951924	1605	1130	694	659	61	83	75	182	76	70	81	178	20	26	36	51	6	9	13	15	0
*	3p	-	20	194717	280858	284407	191945	951927	1558	1350	685	642	53	78	101	202	73	77	79	183	23	29	31	42	11	9	8	11	0
*	3p	-	21	192675	284739	267950	206561	951925	1418	1567	707	654	68	56	85	203	74	61	88	182	24	32	32	55	8	14	13	7	0
*	3p	-	22	204619	269868	275617	201817	951921	1461	1592	711	635	58	87	90	177	77	91	93	175	17	24	28	38	7	13	16	11	0
*	3p	-	23	193324	283558	281023	194018	951923	1334	2012	691	582	66	75	91	171	61	84	85	171	17	24	38	37	9	9	17	10	0
*	3p	-	24	192146	285062	265779	208929	951916	1133	2307	664	722	62	63	98	159	81	105	77	189	18	26	39	40	10	11	21	9	0
*	3p	-	25	203583	271641	270712	205963	951899	1190	2520	717	696	64	103	70	164	76	104	92	213	23	21	27	41	17	17	21	13	0
*	3p	-	26	192365	284179	278131	197228	951903	1093	3009	655	624	61	71	95	146	78	75	81	200	15	21	40	43	12	13	28	11	0
*	3p	-	27	190105	286212	263505	212067	951889	979	3575	667	678	62	96	71	147	71	89	89	223	15	35	31	35	13	21	27	18	0
*	3p	-	28	201261	273161	270408	207078	951908	953	3916	731	671	87	83	87	130	84	81	99	209	17	19	16	42	8	16	20	16	0
*	3p	-	29	187230	287129	277940	199622	951921	902	5261	707	678	99	81	92	173	75	89	122	270	16	13	29	33	14	9	15	8	0
*	3p	-	30	183934	290853	261183	215958	951928	784	6869	709	721	106	101	104	150	81	86	179	272	18	21	34	25	9	14	12	5	0
*	3p	-	31	175886	262166	242280	200455	880787	763	6226	685	659	93	94	96	161	80	83	141	256	18	21	22	22	3	12	12	15	0
*	3p	-	32	152257	252032	229374	179200	812863	670	6161	583	555	88	81	73	147	71	77	134	252	12	15	18	31	8	16	17	15	0
*	3p	-	33	138955	232550	200335	177054	748894	562	5920	499	583	76	88	88	129	75	77	125	202	9	10	21	21	6	17	19	6	0
*	3p	-	34	135002	204532	187116	159430	686080	581	5354	498	516	78	81	80	123	61	70	107	203	13	10	21	15	10	7	16	10	0
*	3p	-	35	116328	195409	175918	139930	627585	520	5098	447	443	75	65	66	117	53	66	110	191	10	7	16	11	5	12	11	8	0
*	3p	-	36	105668	178808	152963	136770	574209	444	4822	371	423	57	51	74	100	43	57	91	170	8	12	19	15	10	10	10	4	0
*	3p	-	37	102443	156702	141365	122318	522828	352	4287	402	383	56	60	52	77	51	45	81	134	6	9	8	18	1	3	5	6	0
*	3p	-	38	87599	149003	132869	106389	475860	338	4028	323	362	33	56	54	90	41	51	77	144	5	7	9	15	5	14	5	7	0
*	3p	-	39	79604	135074	114822	103484	432984	303	3683	272	318	45	45	50	79	32	51	93	107	11	11	9	18	8	4	12	6	0
*	3p	-	40	76577	117830	106226	91694	392327	296	3358	301	299	49	56	53	78	22	32	60	99	6	9	9	12	5	8	4	4	0
*	3p	-	41	65052	111203	99708	79715	355678	244	3175	265	271	42	42	46	70	34	45	75	109	7	7	7	12	5	4	7	5	0
*	3p	-	42	58933	101285	85639	76880	322737	213	2926	229	264	43	34	45	58	22	33	62	108	3	10	9	9	2	4	9	4	0
*	3p	-	43	56386	87393	79172	68371	291322	194	2524	239	219	35	35	44	57	27	28	45	91	9	1	8	11	0	2	6	3	0
*	3p	-	44	48149	82357	73049	59662	263217	190	2369	205	208	37	24	36	39	27	23	62	75	3	3	9	7	4	5	5	1	0
*	3p	-	45	43627	74353	63040	57111	238131	168	2137	179	189	23	31	29	37	28	25	51	65	2	2	8	6	1	4	6	5	0
*	3p	-	46	41667	64536	57995	50277	214475	143	1943	165	169	29	32	30	46	28	21	49	61	4	2	5	9	1	5	3	1	0
*	3p	-	47	35486	60486	53532	44052	193556	158	1756	156	144	26	18	34	33	26	16	51	50	3	0	5	5	1	3	5	2	0
*	3p	-	48	32100	54589	46140	41985	174814	124	1584	98	139	26	19	19	24	20	22	32	49	6	3	5	3	1	1	4	0	0
*	3p	-	49	30491	47292	42429	36944	157156	112	1440	127	130	20	20	17	32	8	14	36	44	7	4	2	3	0	2	3	1	0
*	3p	-	50	25748	44357	39237	32103	141445	86	1277	119	112	14	13	27	24	15	18	30	45	1	5	6	4	3	2	5	0	0
*	3p	-	51	23139	40249	33890	30450	127728	93	1194	77	110	13	12	20	14	8	11	21	39	3	3	2	4	1	1	2	0	0
*	3p	-	52	21912	34606	31291	26789	114598	79	994	75	101	13	15	13	16	15	14	23	32	2	4	1	2	1	3	2	0	0
*	3p	-	53	18661	32335	28864	23424	103284	71	901	73	92	13	20	8	13	11	9	17	32	3	3	2	2	4	1	3	3	0
*	3p	-	54	16678	29332	24638	22590	93238	64	834	52	57	7	14	12	23	8	6	19	35	2	2	1	2	1	0	1	0	0
*	3p	-	55	16056	25294	22903	19729	83982	56	735	53	62	9	17	7	11	11	9	19	24	0	4	3	2	1	2	2	3	0
*	3p	-	56	13642	23777	21017	17234	75670	37	651	62	63	13	11	9	29	2	6	9	24	0	1	2	3	0	2	0	2	0
*	3p	-	57	12560	21541	17763	16422	68286	30	628	53	59	5	10	11	7	3	8	8	18	0	1	5	4	0	0	2	2	0
*	3p	-	58	11835	18415	16548	14547	61345	37	535	47	58	8	7	5	11	6	4	13	18	2	0	2	2	1	3	1	0	0
*	3p	-	59	10111	17322	15454	12435	55322	38	495	40	27	9	6	9	7	5	5	10	17	1	2	2	2	2	1	3	0	0
*	3p	-	60	9089	15598	13290	11893	49870	33	380	35	33	4	3	7	7	3	2	11	18	0	1	2	4	1	3	2	0	0
*	3p	-	61	8525	13724	12057	10520	44826	30	385	31	31	4	4	7	10	4	4	14	12	0	0	1	2	2	0	3	0	0
*	3p	-	62	7396	12788	11345	8912	40441	29	371	21	25	8	4	9	7	2	3	8	8	1	0	0	0	0	0	2	1	0
*	3p	-	63	6756	11331	9765	8735	36587	20	310	22	33	4	6	5	4	7	5	5	12	2	0	1	0	1	2	1	0	0
*	3p	-	64	6601	9784	8958	7647	32990	19	274	22	26	5	2	1	4	3	6	11	9	1	2	2	2	1	1	2	2	0
*	3p	-	65	5371	9458	8268	6630	29727	15	256	17	20	5	5	3	8	1	4	6	9	1	0	0	1	2	0	1	1	0
*	3p	-	66	4897	8345	7077	6578	26897	24	246	17	20	3	3	5	4	4	4	2	11	1	0	2	0	1	0	0	2	0
*	3p	-	67	4650	7222	6642	5661	24175	18	201	23	17	2	3	4	4	0	3	3	9	0	0	0	1	0	1	2	0	0
*	3p	-	68	4019	6799	5993	4928	21739	12	167	17	21	4	3	3	3	1	0	1	3	0	0	1	1	1	0	2	1	0
*	3p	-	69	3597	6100	5194	4782	19673	13	166	15	18	2	2	4	3	4	3	1	4	0	0	0	1	0	0	2	0	0
*	3p	-	70	3429	5421	4714	4175	17739	12	143	15	16	1	2	1	2	2	5	5	9	0	0	1	0	2	0	2	1	0
*	5p	+	1	157674	333674	223241	236891	951480	364	22861	626	1001	344	287	271	285	135	149	646	688	0	0	0	0	0	0	0	0	1
*	5p	+	2	166866	299896	271783	212915	951460	406	16598	729	798	282	196	192	224	129	107	463	378	0	0	0	0	1	12	1	5	1
*	5p	+	3	184122	274040	281324	211949	951435	414	9689	828	671	152	158	128	136	102	100	235	313	3	2	3	4	7	12	11	15	1
*	5p	+	4	184059	280612	262003	224716	951390	358	8257	765	699	87	99	108	121	69	102	100	291	7	3	9	10	12	28	26	24	0
*	5p	+	5	182094	282924	273778	212559	951355	366	6996	716	686	84	92	97	148	71	81	99	316	8	6	29	27	25	35	29	36	0
*	5p	+	6	194273	274079	271333	211689	951374	495	5896	732	670	74	117	84	160	69	91	97	262	29	14	40	18	21	34	21	29	0
*	5p	+	7	191245	283572	259951	216616	951384	628	5078	717	685	96	102	85	145	66	72	116	254	14	20	37	34	12	31	32	20	0
*	5p	+	8	183898	290708	270549	206249	951404	776	4424	656	655	69	87	87	182	80	73	100	219	19	13	30	41	16	20	19	21	0
*	5p	+	9	198980	275585	274558	202293	951416	908	3672	768	665	102	103	87	162	70	68	88	246	15	20	38	30	15	18	11	21	0
*	5p	+	10	193984	282060	262645	212735	951424	840	3271	706	650	83	91	75	184	74	78	86	190	16	18	34	40	9	16	19	12	0
*	5p	+	11	187150	289003	274566	200717	951436	853	3036	700	632	68	80	70	169	65	74	96	193	18	13	40	35	6	5	17	15	0
*	5p	+	12	200887	272441	278537	199567	951432	922	2464	704	625	85	92	82	149	64	76	97	201	17	16	45	27	8	17	10	12	0
*	5p	+	13	195609	280627	264229	210973	951438	836	2283	654	653	76	69	101	183	52	87	81	177	16	21	37	20	5	13	10	15	0
*	5p	+	14	187443	287612	276840	199541	951436	920	2205	702	651	64	115	75	176	56	79	83	187	21	21	26	25	5	12	15	12	0
*	5p	+	15	200124	272525	279977	198817	951443	929	1930	671	642	77	80	75	172	60	85	84	186	13	16	39	23	8	11	10	8	0
*	5p	+	16	196542	279445	267179	208263	951429	922	1853	701	695	82	93	82	170	71	84	81	189	15	13	52	29	12	9	14	16	0
*	5p	+	17	189246	286280	280192	195718	951436	1055	1784	680	639	72	87	87	190	69	84	79	223	19	22	28	37	12	7	9	17	0
*	5p	+	18	201525	271800	281491	196630	951446	1076	1653	752	650	60	100	74	177	68	75	72	199	20	14	26	24	9	7	7	12	0
*	5p	+	19	199469	278381	268581	204999	951430	1151	1489	720	656	79	80	95	190	62	92	63	183	14	20	36	23	13	11	9	17	0
*	5p	+	20	192744	284407	280797	193487	951435	1401	1439	672	684	81	64	82	170	58	82	89	159	30	18	34	28	12	9	13	12	0
*	5p	+	21	207329	267709	283922	192478	951438	1630	1344	720	625	73	106	86	179	60	74	79	157	27	24	39	30	12	10	7	14	0
*	5p	+	22	202326	275024	270186	203892	951428	1720	1355	658	641	67	92	81	199	72	74	81	172	23	16	44	36	14	12	14	13	0
*	5p	+	23	194888	281035	283269	192244	951436	2025	1299	679	673	64	66	85	170	63	75	76	154	25	23	36	35	10	9	11	15	0
*	5p	+	24	210165	265132	284548	191587	951432	2353	1148	740	604	74	83	87	195	65	75	83	170	17	17	38	35	13	7	12	16	0
*	5p	+	25	205473	270895	272614	202447	951429	2543	1078	714	668	73	85	106	209	82	80	90	159	22	14	53	36	11	10	12	19	0
*	5p	+	26	197723	278677	283525	191501	951426	3154	1081	685	645	76	88	92	197	69	77	90	176	18	25	43	25	15	12	8	20	0
*	5p	+	27	212706	263274	285312	190140	951432	3627	939	684	631	72	104	95	219	53	76	91	193	25	18	42	32	11	9	11	16	0
*	5p	+	28	208965	269461	272935	200076	951437	3924	889	721	702	76	93	99	233	68	91	75	150	20	14	31	22	13	13	7	11	0
*	5p	+	29	200758	277772	285692	187224	951446	5133	892	699	612	69	82	131	253	78	87	82	175	17	15	32	30	7	8	6	13	0
*	5p	+	30	216951	260674	290360	183451	951436	6774	787	714	613	85	92	153	261	93	109	96	165	21	16	31	26	11	8	11	14	0
*	5p	+	31	201237	241649	261535	175411	879832	6305	740	696	610	84	93	139	261	86	110	83	136	7	14	18	20	6	4	8	17	0
*	5p	+	32	179958	228326	252455	151316	812055	6287	639	615	539	67	80	130	218	85	78	84	153	8	16	21	18	16	6	9	5	0
*	5p	+	33	177781	199683	231985	138972	748421	6005	575	597	507	74	92	117	191	93	87	77	149	14	9	27	18	15	4	7	15	0
*	5p	+	34	159557	187128	204118	134735	685538	5201	540	591	525	63	51	119	176	56	80	72	108	7	8	22	17	7	9	10	8	0
*	5p	+	35	140698	175879	194895	115832	627304	5078	510	482	456	43	68	98	195	70	68	61	126	10	7	18	15	8	5	8	5	0
*	5p	+	36	137185	152207	178540	105859	573791	4706	421	466	377	44	71	113	162	63	62	48	107	6	11	17	13	6	3	3	11	0
*	5p	+	37	122602	141201	156479	102193	522475	4235	356	429	342	42	54	78	158	52	60	51	89	7	6	15	8	2	4	7	8	0
*	5p	+	38	107099	132750	148442	87184	475475	4126	359	336	300	42	27	88	162	67	49	57	68	7	6	10	15	1	3	3	8	0
*	5p	+	39	104229	114338	135230	79144	432941	3718	336	396	307	36	46	67	116	66	43	49	65	6	8	14	12	5	7	7	5	0
*	5p	+	40	91693	106906	117411	76464	392474	3358	248	305	301	35	28	81	121	36	39	37	64	5	4	13	18	4	3	2	3	0
*	5p	+	41	80507	99153	110868	65254	355782	3213	280	290	271	25	39	69	104	50	46	43	60	1	5	6	7	4	3	3	4	0
*	5p	+	42	77795	85489	100890	58714	322888	3057	229	300	220	34	34	67	119	35	39	47	50	8	0	9	5	1	4	3	6	0
*	5p	+	43	69078	78534	87585	56383	291580	2524	184	246	212	30	39	56	105	29	42	28	58	6	6	9	7	1	3	1	6	0
*	5p	+	44	59563	73787	82051	47987	263388	2362	194	232	169	20	40	54	86	48	26	34	43	3	1	3	6	2	2	1	1	0
*	5p	+	45	57823	62786	74185	43521	238315	2280	168	199	178	23	29	27	79	33	29	29	42	4	1	7	10	2	4	1	6	0
*	5p	+	46	50642	57616	64716	41457	214431	1918	154	169	172	26	29	40	65	24	22	29	37	5	5	3	11	2	3	0	3	0
*	5p	+	47	44025	53558	60530	35336	193449	1765	135	132	129	16	21	47	60	17	28	30	39	2	3	6	2	2	3	1	2	0
*	5p	+	48	42379	46134	54416	31759	174688	1549	120	166	126	29	17	47	52	14	23	13	39	4	4	5	1	5	0	4	1	0
*	5p	+	49	37520	42055	47243	30262	157080	1338	97	140	102	15	8	33	45	21	19	16	31	7	1	2	4	2	1	4	3	0
*	5p	+	50	32381	39079	44343	25792	141595	1328	99	112	101	14	15	29	48	14	17	13	15	1	3	4	1	1	0	0	3	0
*	5p	+	51	30883	33325	40181	23392	127781	1228	83	99	82	13	14	22	43	16	17	18	16	0	1	2	1	1	1	2	2	0
*	5p	+	52	27300	31037	34437	22069	114843	1029	62	111	84	15	7	23	33	11	13	16	15	2	1	0	4	1	4	3	2	0
*	5p	+	53	23612	28567	32476	18650	103305	984	73	85	70	11	14	24	32	10	9	12	17	4	2	2	3	1	2	1	0	0
*	5p	+	54	22540	24880	28976	16851	93247	802	66	70	68	4	5	19	22	13	11	13	13	1	1	2	2	3	0	1	0	0
*	5p	+	55	19895	22657	25204	16172	83928	697	49	63	68	6	5	14	25	5	18	10	13	2	0	1	1	1	2	0	2	0
*	5p	+	56	16987	21154	23562	13858	75561	647	66	53	52	6	6	11	26	8	17	12	13	0	1	1	3	1	2	1	2	0
*	5p	+	57	16396	17944	21314	12411	68065	610	45	58	34	8	11	6	24	9	9	10	15	1	0	1	2	2	0	2	2	0
*	5p	+	58	14441	16545	18273	11783	61042	547	34	53	48	4	10	17	20	7	7	5	9	0	2	0	0	0	1	4	0	0
*	5p	+	59	12412	15140	17346	10056	54954	477	37	54	37	2	8	9	15	4	7	14	11	0	0	1	1	1	0	1	1	0
*	5p	+	60	12021	13064	15338	8972	49395	403	41	36	43	5	5	12	17	6	7	7	9	1	0	2	0	3	0	1	0	0
*	5p	+	61	10515	12011	13505	8368	44399	385	30	34	32	4	7	7	15	8	5	5	4	2	0	1	0	1	0	1	1	0
*	5p	+	62	9169	10992	12511	7398	40070	356	23	31	25	3	4	7	15	7	3	4	7	1	1	1	0	0	0	0	0	0
*	5p	+	63	8694	9813	11169	6543	36219	333	18	21	24	5	7	13	8	2	3	3	7	1	2	2	3	2	0	0	0	0
*	5p	+	64	7733	8797	9892	6271	32693	305	19	20	25	5	3	8	13	3	0	5	5	1	1	1	1	1	2	0	0	0
*	5p	+	65	6637	8219	9323	5354	29533	262	22	22	19	3	4	15	10	2	3	8	9	1	0	1	0	0	0	0	1	0
*	5p	+	66	6454	6960	8416	4872	26702	238	18	18	16	2	2	12	12	1	5	3	4	0	0	3	0	0	1	0	1	0
*	5p	+	67	5695	6523	7048	4643	23909	194	17	22	14	1	3	0	8	2	3	5	3	2	1	0	0	0	2	0	1	0
*	5p	+	68	4825	6053	6702	3978	21558	187	16	13	19	6	2	8	6	3	3	5	2	1	1	1	1	1	0	0	1	0
*	5p	+	69	4653	5096	6265	3472	19486	185	12	18	14	1	2	4	2	0	4	2	1	0	0	1	0	0	0	0	0	0
*	5p	+	70	4169	4609	5343	3434	17555	151	10	9	22	0	1	0	13	3	1	1	1	0	0	0	0	0	0	0	0	0
*	5p	-	1	135039	357259	202708	256960	951966	375	24310	552	1073	280	232	303	276	135	151	538	554	0	0	0	0	0	0	0	0	1
*	5p	-	2	153190	308905	270398	219473	951966	363	17388	639	869	215	166	174	227	123	115	393	350	0	0	0	0	0	1	0	0	1
*	5p	-	3	175971	278018	276755	221217	951961	400	10143	766	692	129	122	108	133	107	107	233	286	0	0	0	1	1	0	1	3	1
*	5p	-	4	176218	285882	256683	233165	951948	378	8388	708	709	87	92	89	124	83	99	86	330	0	0	1	4	2	10	6	2	0
*	5p	-	5	176278	289881	269508	216191	951858	362	7299	686	644	81	78	95	128	86	67	99	311	5	7	1	15	16	34	38	22	0
*	5p	-	6	191054	277544	264743	218528	951869	437	6061	698	672	74	104	60	144	58	99	107	276	17	10	8	15	17	22	39	21	0
*	5p	-	7	187072	287568	255184	222036	951860	635	5153	733	677	63	89	71	141	61	102	107	214	13	22	16	26	19	24	39	25	0
*	5p	-	8	180609	296394	266776	208097	951876	769	4535	726	654	58	88	99	170	77	77	95	232	13	17	19	39	10	28	36	18	0
*	5p	-	9	195948	278690	270129	207147	951914	821	3662	688	652	78	82	68	137	66	80	91	224	20	16	23	21	7	17	17	13	0
*	5p	-	10	190292	286471	259349	215804	951916	835	3382	671	673	78	80	78	139	78	94	74	183	13	23	31	32	9	21	12	10	0
*	5p	-	11	183863	294393	272606	201051	951913	834	2892	715	682	50	75	80	187	66	80	100	195	12	24	26	31	8	15	23	8	0
*	5p	-	12	200277	275336	275554	200759	951926	859	2524	723	658	59	71	75	178	78	79	107	212	20	16	23	27	3	11	18	9	0
*	5p	-	13	192883	283915	261005	214116	951919	838	2441	710	675	67	83	90	164	95	71	83	198	20	11	26	30	8	5	19	17	0
*	5p	-	14	185490	291158	276558	198707	951913	850	2187	695	652	66	82	96	151	54	80	85	225	16	28	28	23	7	12	29	7	0
*	5p	-	15	200133	274054	277748	199988	951923	955	1972	691	653	57	81	70	137	69	65	86	168	20	19	33	25	4	10	15	15	0
*	5p	-	16	194858	283561	263420	210082	951921	929	1894	672	716	58	81	72	165	63	89	69	182	21	27	24	25	10	10	12	13	0
*	5p	-	17	187449	288839	280127	195512	951927	1065	1764	660	614	63	94	99	205	76	84	80	221	16	26	24	42	12	6	13	9	0
*	5p	-	18	202746	271076	279400	198694	951916	1124	1556	739	596	66	78	87	165	73	87	97	212	25	34	35	59	17	7	19	9	0
*	5p	-	19	198253	280929	265498	207250	951930	1128	1580	663	647	56	68	97	194	64	83	73	191	23	19	31	43	7	11	15	5	0
*	5p	-	20	190809	287297	280203	193605	951914	1347	1568	688	619	55	96	90	168	68	93	99	173	26	23	26	32	15	17	13	9	0
*	5p	-	21	207471	268574	282893	192986	951924	1640	1343	779	613	79	79	71	189	81	79	72	169	11	23	31	31	11	4	13	14	0
*	5p	-	22	200711	278761	267081	205364	951917	1674	1322	686	631	70	89	85	177	92	83	76	178	22	26	29	51	15	13	10	13	0
*	5p	-	23	195048	284153	281702	191024	951927	2024	1298	691	676	62	59	100	188	82	74	74	176	21	32	39	41	10	11	13	6	0
*	5p	-	24	211204	266567	282014	192133	951918	2238	1190	704	602	80	73	97	220	86	89	73	159	26	29	34	37	8	14	17	10	0
*	5p	-	25	204865	273084	268580	205372	951901	2453	1152	687	712	51	93	86	183	82	71	83	171	17	26	48	44	21	8	20	17	0
*	5p	-	26	196278	280432	283783	191414	951907	3148	1080	653	667	58	71	107	221	68	105	73	175	16	23	39	29	15	14	20	12	0
*	5p	-	27	214015	263993	283027	190878	951913	3480	960	751	663	58	71	94	225	93	75	75	171	15	31	29	36	11	20	11	12	0
*	5p	-	28	207784	272673	269079	202373	951909	3888	886	698	686	67	80	102	231	88	100	94	167	16	14	44	31	22	11	15	11	0
*	5p	-	29	200300	279915	285092	186609	951916	5052	845	685	677	61	68	118	224	105	99	81	159	18	15	26	33	13	13	12	14	0
*	5p	-	30	217967	261343	288067	184545	951922	6655	797	821	634	73	95	150	297	123	112	110	166	16	28	28	26	10	8	18	10	0
*	5p	-	31	195984	247852	255121	181826	880783	6090	686	684	655	53	83	142	273	117	120	92	201	18	13	25	30	9	9	20	9	0
*	5p	-	32	174979	235061	246911	155931	812882	5975	662	663	514	67	77	157	232	100	108	87	142	12	18	22	21	9	5	9	15	0
*	5p	-	33	173927	202947	227212	144821	748907	5624	594	575	531	53	70	113	218	82	83	73	131	15	13	23	28	8	5	5	16	0
*	5p	-	34	154088	191327	199962	140703	686080	5045	583	516	506	61	74	118	200	97	68	72	99	15	13	22	18	15	7	13	8	0
*	5p	-	35	135649	180952	191576	119413	627590	4803	459	449	428	49	45	120	210	75	84	55	86	9	19	27	23	6	5	9	8	0
*	5p	-	36	134543	155147	174816	109698	574204	4633	473	489	437	38	48	101	159	67	57	57	85	10	14	22	22	8	6	10	13	0
*	5p	-	37	118200	145580	152211	106824	522815	4024	398	418	384	45	43	89	187	68	69	69	74	6	9	9	21	8	6	7	5	0
*	5p	-	38	103077	135985	145920	90895	475877	3886	386	341	287	31	38	106	132	62	51	50	90	4	13	19	11	5	1	1	6	0
*	5p	-	39	101478	116459	132130	82933	433000	3577	317	362	304	33	47	73	105	40	65	65	75	11	6	14	12	3	4	6	1	0
*	5p	-	40	89513	108482	114428	79908	392331	3086	286	317	291	43	39	89	128	59	55	32	73	10	8	12	16	1	5	7	6	0
*	5p	-	41	77763	102006	108449	67464	355682	3081	251	254	253	27	40	67	109	57	47	32	61	4	3	16	14	1	6	1	4	0
*	5p	-	42	76189	87049	98313	61195	322746	2844	244	256	215	30	34	43	103	56	43	35	49	6	2	16	18	3	0	3	3	0
*	5p	-	43	66429	80969	84871	59054	291323	2463	207	235	231	21	21	59	104	36	41	39	47	8	4	4	7	3	0	4	4	0
*	5p	-	44	58001	75043	80394	49774	263212	2257	181	211	214	24	26	67	93	42	28	36	49	3	5	6	3	7	3	7	2	0
*	5p	-	45	56233	64021	72717	45155	238126	2094	135	187	169	21	19	48	71	28	30	33	41	4	5	5	6	12	3	2	4	0
*	5p	-	46	49029	59566	62478	43398	214471	1813	171	151	153	18	32	43	59	37	34	33	41	0	4	8	8	1	2	6	5	0
*	5p	-	47	42655	54825	59511	36568	193559	1711	135	162	122	18	14	44	66	28	26	21	42	6	6	2	3	2	2	4	0	0
*	5p	-	48	41647	46956	53115	33089	174807	1504	102	145	110	29	15	40	49	31	28	21	25	4	3	3	1	2	2	7	2	0
*	5p	-	49	36371	43185	46016	31585	157157	1333	105	104	132	21	21	21	46	24	26	24	30	2	2	1	3	1	1	1	2	0
*	5p	-	50	31369	39951	43601	26529	141450	1266	84	115	103	6	14	26	45	14	19	15	27	2	1	3	6	2	1	2	0	0
*	5p	-	51	30344	34391	38817	24172	127724	1101	91	79	105	13	17	34	44	26	17	17	20	2	6	4	4	2	6	0	0	0
*	5p	-	52	26351	31864	33201	23184	114600	943	87	80	77	11	11	19	40	22	28	12	20	4	4	3	5	2	1	0	1	0
*	5p	-	53	22900	29341	31734	19315	103290	928	68	81	65	8	6	23	37	12	21	8	20	1	3	2	2	1	1	3	0	0
*	5p	-	54	22176	24764	28640	17654	93234	818	66	82	62	6	8	22	32	13	16	8	15	1	1	0	5	3	2	0	1	0
*	5p	-	55	19412	23253	24562	16761	83988	702	64	61	59	5	7	12	25	9	4	10	5	1	3	0	1	0	0	1	1	0
*	5p	-	56	16784	21538	23266	14086	75674	639	41	61	61	8	8	15	20	5	9	16	14	1	1	2	2	0	0	0	0	0
*	5p	-	57	16258	18276	20916	12838	68288	621	57	60	68	3	2	11	13	13	7	7	13	1	1	1	1	0	1	1	0	0
*	5p	-	58	14218	16894	18009	12227	61348	484	41	38	40	9	4	6	17	8	5	7	4	0	1	1	2	0	0	0	2	0
*	5p	-	59	12169	15746	17064	10348	55327	432	31	45	44	3	9	11	23	7	2	7	7	1	3	2	1	0	0	0	0	0
*	5p	-	60	11809	13112	15477	9477	49875	419	32	39	44	2	5	8	18	12	11	5	9	0	1	1	1	0	0	0	1	0
*	5p	-	61	10357	12362	13149	8961	44829	375	29	48	28	3	4	7	9	2	3	8	7	1	2	0	2	0	1	1	0	0
*	5p	-	62	8978	11432	12473	7560	40443	339	28	28	27	7	1	8	11	8	7	3	6	1	2	3	2	0	0	0	0	0
*	5p	-	63	8776	9763	11143	6907	36589	306	25	31	26	2	3	10	7	3	5	5	5	1	0	0	3	1	0	1	0	0
*	5p	-	64	7544	9230	9677	6543	32994	273	24	34	24	1	3	8	9	11	7	2	4	1	1	1	2	0	0	0	2	0
*	5p	-	65	6548	8499	9209	5475	29731	241	25	20	27	2	4	8	9	5	1	5	6	0	1	0	1	0	0	0	0	0
*	5p	-	66	6503	7087	8298	5012	26900	241	11	21	16	3	0	1	11	3	5	2	3	1	0	0	0	0	0	0	0	0
*	5p	-	67	5635	6630	7057	4854	24176	186	15	17	24	2	1	6	9	3	5	4	1	0	0	1	0	1	0	1	0	0
*	5p	-	68	4805	6100	6733	4102	21740	202	13	9	14	0	0	5	7	3	4	5	7	0	1	0	3	0	0	0	3	0
*	5p	-	69	4587	5252	6041	3793	19673	176	10	16	7	1	2	4	9	1	5	5	3	1	0	0	1	0	0	0	2	0
*	5p	-	70	4008	4865	5265	3606	17744	155	12	12	6	5	3	7	5	2	1	0	4	0	0	0	0	0	0	0	0	0
