# table produced by mapDamage version 2.0.3
# using mapped file tmp2.sam and /home/sam/Scratch/Databases/hg38Poinar/Hardmasked/hg38Hard.fasta as reference file
# Chr: reference from sam/bam header, End: from which termini of DNA sequences, Std: strand of reads
Chr	End	Std	Pos	A	C	G	T	Total	G>A	C>T	A>G	T>C	A>C	A>T	C>G	C>A	T>G	T>A	G>C	G>T	A>-	T>-	C>-	G>-	->A	->T	->C	->G	S
*	3p	+	1	299259	111257	190130	197736	798382	41863	160	219	505	88	110	61	192	64	217	57	75	0	0	0	0	0	0	0	0	5
*	3p	+	2	240787	141745	154712	262671	799915	21450	203	152	412	79	96	59	146	51	134	53	72	0	0	0	0	0	0	1	2	5
*	3p	+	3	243720	141504	164407	252018	801649	14567	159	169	267	56	91	53	176	60	117	38	84	0	0	0	0	1	1	1	5	5
*	3p	+	4	244286	146833	166204	245858	803181	10095	164	198	231	75	68	60	174	68	130	60	165	0	0	0	0	6	5	4	10	3
*	3p	+	5	241885	150596	162310	249610	804401	7939	168	156	213	46	68	89	180	67	334	50	147	0	0	0	0	10	4	10	11	0
*	3p	+	6	236048	152276	164196	252861	805381	6148	167	172	192	46	64	95	210	67	512	60	138	1	0	2	0	27	50	31	35	0
*	3p	+	7	246131	150275	163810	245775	805991	5490	151	172	207	41	56	86	209	50	603	49	143	4	6	4	8	64	67	39	47	0
*	3p	+	8	245258	147624	166578	246958	806418	4608	161	167	200	45	60	61	211	57	559	55	140	8	4	7	5	65	60	33	60	0
*	3p	+	9	247879	150008	164805	244003	806695	4088	161	180	178	47	40	79	247	55	642	58	130	16	22	19	9	47	50	39	48	0
*	3p	+	10	243806	152917	167300	242914	806937	3625	157	182	210	46	53	57	238	49	713	46	122	19	30	28	21	33	39	24	22	0
*	3p	+	11	246148	151763	165432	243745	807088	3560	156	168	160	49	49	55	247	43	772	59	139	12	55	34	21	33	31	9	16	0
*	3p	+	12	244815	152235	164439	245699	807188	3314	151	195	178	44	59	62	224	59	782	37	150	12	56	21	33	26	13	11	6	0
*	3p	+	13	247175	151138	164798	244118	807229	3137	158	191	155	53	47	59	183	62	560	37	144	22	68	42	29	22	17	4	5	0
*	3p	+	14	247519	151511	163395	244847	807272	3029	167	158	155	56	50	49	164	49	484	52	142	17	66	26	28	16	9	6	6	0
*	3p	+	15	247481	151415	164304	244075	807275	3023	152	152	163	55	51	66	145	38	351	35	133	25	52	29	25	15	13	5	7	0
*	3p	+	16	247339	153208	163776	242943	807266	2998	165	182	195	59	51	52	157	58	238	41	139	25	46	17	26	22	22	3	7	0
*	3p	+	17	246431	153159	163645	244040	807275	3186	173	168	175	53	60	46	176	53	219	45	147	24	47	14	16	23	10	5	8	0
*	3p	+	18	245233	153263	164075	244696	807267	3409	149	162	143	54	65	54	138	41	184	39	143	22	33	26	16	25	19	5	5	0
*	3p	+	19	246997	152939	163526	243810	807272	3447	194	150	163	35	36	48	136	44	169	35	136	24	42	13	27	26	19	2	2	0
*	3p	+	20	245727	153560	164037	243956	807280	3473	150	195	172	49	49	59	143	42	174	51	137	20	41	23	23	16	17	3	6	0
*	3p	+	21	246808	152277	164312	243869	807266	3591	166	172	152	42	48	58	119	41	143	39	126	31	29	18	23	27	17	7	6	0
*	3p	+	22	247655	151302	164197	244116	807270	3611	195	161	191	40	50	44	99	58	132	51	133	22	29	15	28	17	28	6	2	0
*	3p	+	23	248504	151669	162718	244373	807264	3503	193	176	175	56	53	65	136	57	144	47	159	15	30	25	22	28	13	10	8	0
*	3p	+	24	249038	151972	163187	243081	807278	3552	178	144	185	48	46	56	117	52	154	45	120	15	41	22	13	24	9	7	5	0
*	3p	+	25	248220	152483	163040	243515	807258	3554	217	164	172	36	56	53	136	30	129	38	176	20	30	16	10	21	30	6	8	0
*	3p	+	26	247771	152329	162482	244698	807280	3413	205	157	164	43	58	55	119	45	141	46	162	31	36	14	25	16	21	4	2	0
*	3p	+	27	247618	153301	162382	243972	807273	3419	233	157	151	37	43	48	109	37	135	29	165	17	35	16	20	18	20	4	8	0
*	3p	+	28	246233	154135	162618	244300	807286	3382	228	148	203	39	50	39	143	34	113	32	178	27	26	14	17	15	14	5	3	0
*	3p	+	29	246899	153705	162715	243947	807266	3295	244	172	159	51	60	57	112	41	122	35	159	29	29	16	17	24	20	10	2	0
*	3p	+	30	246474	153974	163688	243130	807266	3287	222	155	176	43	54	55	98	30	115	46	152	28	32	11	16	20	19	12	5	0
*	3p	+	31	246906	153179	163066	244113	807264	3187	247	165	136	40	43	52	102	46	109	46	159	33	37	17	27	25	22	7	4	0
*	3p	+	32	246825	153023	163408	244012	807268	3093	253	157	192	47	44	51	93	43	105	27	141	26	37	15	16	23	19	7	3	0
*	3p	+	33	247545	153023	162596	244094	807258	3136	241	134	157	36	55	43	109	36	100	42	154	26	26	13	16	25	18	12	4	0
*	3p	+	34	247378	152754	162311	244805	807248	2952	226	159	190	61	46	52	95	38	109	52	185	21	25	14	20	22	19	16	3	0
*	3p	+	35	247636	152795	161677	245144	807252	2962	242	152	189	51	55	51	112	37	104	35	151	20	28	7	17	16	26	6	5	0
*	3p	+	36	246705	153630	160685	245914	806934	2773	292	145	150	46	45	43	123	55	109	42	180	28	31	13	16	30	25	10	9	0
*	3p	+	37	246231	153851	161022	245487	806591	2696	268	163	175	42	58	49	110	51	100	39	174	18	29	9	16	22	26	5	4	0
*	3p	+	38	246496	154812	160514	244350	806172	2674	289	183	190	38	44	52	96	42	100	45	169	26	29	18	14	23	21	6	8	0
*	3p	+	39	245965	154623	160531	244544	805663	2640	298	146	172	40	43	34	76	33	94	51	190	27	24	17	13	23	26	9	5	0
*	3p	+	40	245428	154278	160885	244506	805097	2677	271	139	165	34	52	40	83	44	87	38	156	17	23	22	12	24	22	7	3	0
*	3p	+	41	245771	153828	161020	243785	804404	2404	267	165	156	51	54	49	78	37	101	47	153	25	26	21	14	30	25	8	1	0
*	3p	+	42	246251	153378	161220	242820	803669	2541	312	144	158	44	34	38	89	40	85	38	173	31	29	8	5	25	21	6	8	0
*	3p	+	43	245584	153494	159960	243691	802729	2345	282	167	159	51	48	52	78	46	72	47	162	31	27	8	16	28	26	3	7	0
*	3p	+	44	245556	153425	158920	243778	801679	2210	338	158	154	44	61	41	89	48	83	58	164	29	19	12	14	29	17	7	10	0
*	3p	+	45	245283	153084	158234	243920	800521	2253	364	142	150	39	52	45	81	44	94	41	180	29	16	11	16	30	21	4	9	0
*	3p	+	46	244870	152315	157401	244618	799204	2128	327	147	161	32	48	36	74	49	75	36	147	24	20	16	14	25	18	9	7	0
*	3p	+	47	244457	152578	157192	243541	797768	2082	297	162	148	37	52	39	78	31	71	37	166	20	28	8	11	12	26	5	5	0
*	3p	+	48	243221	152229	157248	243379	796077	2008	327	141	161	37	53	46	92	32	80	36	196	22	30	12	19	21	27	8	6	0
*	3p	+	49	242539	152601	156149	242882	794171	1929	318	162	152	43	43	49	85	50	81	34	169	22	27	9	12	26	23	7	7	0
*	3p	+	50	242001	152154	156349	241608	792112	1931	341	167	167	33	54	34	84	38	85	37	192	27	35	10	16	19	26	6	6	0
*	3p	+	51	241814	151459	155446	241001	789720	1758	310	146	169	41	57	55	69	37	78	43	191	29	26	5	12	23	25	9	4	0
*	3p	+	52	240916	150592	155068	240602	787178	1827	312	164	147	39	54	48	75	31	72	45	185	29	21	9	12	28	25	7	5	0
*	3p	+	53	240483	149969	153814	240089	784355	1679	340	138	161	31	54	46	47	46	69	35	203	20	22	5	22	21	29	6	7	0
*	3p	+	54	238958	149297	152912	240170	781337	1684	319	132	139	50	49	42	73	43	52	32	206	31	26	9	10	25	25	8	9	0
*	3p	+	55	238828	148341	151615	239177	777961	1579	359	122	155	29	40	42	57	38	67	43	205	28	24	9	13	27	23	8	6	0
*	3p	+	56	237980	147388	150780	238279	774427	1522	356	136	172	52	42	37	54	60	52	36	199	25	13	12	14	22	15	9	5	0
*	3p	+	57	235961	147333	149284	238033	770611	1424	339	143	139	51	55	44	71	37	66	22	186	27	24	9	8	23	24	7	8	0
*	3p	+	58	235165	146137	148292	236934	766528	1374	350	147	149	40	53	46	68	42	66	38	176	19	23	8	12	19	23	8	8	0
*	3p	+	59	232905	145847	147613	235607	761972	1408	359	152	163	34	46	35	52	37	70	42	169	20	23	13	7	28	21	7	9	0
*	3p	+	60	231754	144944	146076	234319	757093	1301	331	144	178	36	62	36	64	42	68	44	167	20	20	9	10	24	21	9	7	0
*	3p	+	61	231183	143386	145580	231728	751877	1235	355	141	140	42	55	44	54	45	65	35	173	23	22	7	9	23	18	1	9	0
*	3p	+	62	229274	141852	143892	231283	746301	1142	365	138	136	46	41	38	64	43	66	30	185	15	24	10	12	24	19	7	7	0
*	3p	+	63	228113	140554	143139	228665	740471	1197	368	177	142	36	54	46	62	57	55	45	182	15	19	6	10	12	14	10	4	0
*	3p	+	64	226226	139147	141366	227389	734128	1138	370	135	160	33	39	37	57	33	42	50	153	15	20	11	9	21	29	5	9	0
*	3p	+	65	223797	137997	139668	226013	727475	1028	354	142	143	40	44	36	52	36	61	50	179	17	27	5	9	18	17	8	7	0
*	3p	+	66	221768	136506	137963	224282	720519	1001	331	145	139	38	39	42	55	33	44	44	190	20	21	5	8	27	16	7	7	0
*	3p	+	67	219726	135251	136180	221873	713030	931	339	142	142	42	48	36	42	46	47	36	195	16	16	4	13	25	13	6	5	0
*	3p	+	68	217660	133628	133803	220062	705153	923	414	145	130	35	45	45	50	33	45	36	166	22	23	10	9	16	19	8	6	0
*	3p	+	69	215668	132201	132360	216727	696956	862	411	130	139	40	48	47	33	34	58	38	175	24	23	6	12	22	10	12	4	0
*	3p	+	70	212611	130467	130323	214929	688330	813	359	111	148	40	44	20	52	30	60	27	159	16	20	6	11	11	25	11	5	0
*	3p	-	1	299955	111344	190357	197838	799494	42050	155	190	468	95	103	49	204	88	195	45	102	0	0	0	0	0	0	0	0	6
*	3p	-	2	241948	141222	155168	262720	801058	21768	167	177	384	77	94	55	118	76	124	48	89	0	0	0	0	5	11	9	5	6
*	3p	-	3	245027	141493	164214	252071	802805	14418	159	183	284	66	100	57	180	70	107	44	119	1	0	1	0	18	20	13	12	5
*	3p	-	4	244336	146701	166889	246379	804305	10078	159	174	226	64	57	71	170	44	130	45	168	0	0	2	1	32	44	20	24	1
*	3p	-	5	243158	150362	163323	248636	805479	7807	182	161	235	60	47	102	214	49	313	60	151	4	3	2	1	44	53	21	27	0
*	3p	-	6	234694	152233	165816	253677	806420	6313	167	199	191	63	64	84	205	65	551	58	142	9	10	4	9	53	65	37	52	0
*	3p	-	7	246779	150132	163397	246678	806986	5567	169	165	206	66	60	69	220	46	611	55	143	22	23	10	10	61	64	32	35	0
*	3p	-	8	244800	148210	166666	247722	807398	4681	159	178	162	65	50	90	210	55	558	51	156	27	22	22	10	65	51	27	40	0
*	3p	-	9	248563	150511	165619	243009	807702	4089	182	170	188	49	60	84	242	45	694	52	154	18	51	24	20	35	49	19	29	0
*	3p	-	10	244511	152081	167780	243523	807895	3695	148	175	186	34	41	60	271	49	753	53	152	20	63	27	35	44	38	16	23	0
*	3p	-	11	245949	152233	166642	243218	808042	3425	143	136	158	49	55	70	250	46	749	56	138	27	71	30	33	34	29	13	10	0
*	3p	-	12	244573	152498	165415	245663	808149	3313	171	166	163	41	57	72	227	72	689	40	136	36	71	32	25	27	16	4	8	0
*	3p	-	13	248160	151612	164779	243643	808194	3178	169	164	164	61	43	60	212	40	651	64	126	37	69	27	22	23	20	8	5	0
*	3p	-	14	247162	151190	164664	245192	808208	3285	154	165	143	43	54	68	174	45	488	49	123	23	53	24	35	31	20	5	3	0
*	3p	-	15	248000	151611	165685	242930	808226	3137	168	149	169	51	48	64	158	42	359	52	124	32	41	19	24	24	11	8	4	0
*	3p	-	16	247570	153168	164145	243354	808237	3124	191	175	165	49	55	63	130	55	287	45	114	33	41	18	23	18	14	3	6	0
*	3p	-	17	246939	153511	163963	243816	808229	3318	154	166	171	42	46	59	124	40	206	44	140	18	42	23	15	19	21	8	2	0
*	3p	-	18	246539	152944	164803	243924	808210	3263	167	188	182	43	50	55	131	47	200	56	166	31	26	22	20	27	34	3	6	0
*	3p	-	19	247432	153067	164035	243684	808218	3385	199	149	176	47	41	57	144	53	159	45	163	24	30	17	23	23	24	7	9	0
*	3p	-	20	247110	152916	164045	244156	808227	3471	188	172	167	27	43	37	129	40	170	46	150	32	40	17	25	22	24	3	4	0
*	3p	-	21	246874	153146	164588	243622	808230	3595	193	174	164	42	49	45	153	36	151	55	153	19	33	21	16	21	21	4	5	0
*	3p	-	22	248570	151623	164302	243714	808209	3700	192	170	175	49	56	51	122	52	156	36	141	26	35	11	22	29	25	5	12	0
*	3p	-	23	249168	151788	164084	243186	808226	3531	188	161	178	41	50	60	119	49	144	50	152	27	30	28	28	27	19	2	6	0
*	3p	-	24	248990	152117	163805	243320	808232	3555	209	172	153	34	53	65	142	49	143	45	165	28	35	11	20	22	18	5	4	0
*	3p	-	25	249348	152145	163651	243064	808208	3436	201	147	169	49	42	51	129	43	132	45	155	27	34	14	28	38	18	7	9	0
*	3p	-	26	247914	152529	163377	244390	808210	3356	233	144	201	38	50	55	106	52	141	35	144	28	33	27	19	35	22	8	6	0
*	3p	-	27	248534	153279	162394	244026	808233	3433	235	157	184	47	53	41	131	52	123	40	159	23	37	17	30	19	13	8	6	0
*	3p	-	28	247547	154219	162530	243930	808226	3354	234	140	182	44	39	54	119	39	142	42	149	25	32	19	25	21	21	2	9	0
*	3p	-	29	247097	153354	164196	243566	808213	3333	222	165	140	35	47	57	105	40	138	43	160	28	42	12	24	23	29	8	7	0
*	3p	-	30	247407	153635	163977	243198	808217	3237	247	173	176	50	50	42	101	36	108	36	152	27	41	18	19	20	32	4	8	0
*	3p	-	31	247034	153907	164036	243247	808224	3238	269	137	157	43	41	56	119	44	133	46	152	27	28	21	21	24	18	5	5	0
*	3p	-	32	247154	153018	163967	244066	808205	3212	242	146	174	44	52	50	110	49	119	46	185	25	22	19	24	19	31	13	5	0
*	3p	-	33	247887	153739	163257	243343	808226	3058	248	164	177	34	50	47	115	43	119	36	165	23	32	10	15	13	19	7	7	0
*	3p	-	34	247375	153271	163347	244227	808220	3116	265	193	167	42	41	44	106	34	111	54	181	19	29	11	16	17	16	7	8	0
*	3p	-	35	247871	152980	162592	244766	808209	2971	287	152	159	36	48	50	101	41	117	64	184	24	39	10	14	22	20	5	6	0
*	3p	-	36	247475	153802	161478	245130	807885	2914	274	169	170	49	49	45	118	61	113	45	157	33	24	12	16	27	24	9	6	0
*	3p	-	37	247297	154691	161359	244147	807494	2783	282	158	151	42	47	33	102	38	97	34	181	20	31	11	18	20	20	13	7	0
*	3p	-	38	246177	154246	161609	245031	807063	2689	282	165	165	35	51	54	93	43	101	30	182	27	25	11	12	20	22	8	8	0
*	3p	-	39	245870	154519	161510	244653	806552	2769	268	146	157	46	46	39	86	36	108	48	186	25	30	17	11	20	24	3	10	0
*	3p	-	40	246351	154438	161457	243714	805960	2570	332	148	191	44	28	39	83	51	109	40	181	29	37	15	17	24	17	5	2	0
*	3p	-	41	245988	153894	161574	243796	805252	2514	274	144	160	53	42	52	90	39	102	49	198	18	25	8	13	24	22	9	5	0
*	3p	-	42	245389	153580	161577	243913	804459	2534	285	156	168	46	39	52	78	33	91	47	146	21	25	5	19	29	24	6	1	0
*	3p	-	43	246170	152960	160387	244038	803555	2379	305	162	166	44	49	49	103	34	88	44	164	26	30	10	15	25	18	6	3	0
*	3p	-	44	246248	153412	159619	243172	802451	2360	314	149	147	42	57	28	75	36	97	28	196	24	24	15	8	21	14	7	5	0
*	3p	-	45	245101	152940	159368	243846	801255	2223	316	155	171	32	48	48	83	37	100	47	184	17	24	11	19	13	22	13	8	0
*	3p	-	46	245328	152483	158210	243894	799915	2156	321	149	147	36	44	44	82	41	66	36	169	21	19	4	11	23	19	6	9	0
*	3p	-	47	245085	152268	157261	243754	798368	2118	338	135	156	44	59	53	70	51	82	49	194	28	23	6	17	21	20	7	10	0
*	3p	-	48	243282	152755	157436	243206	796679	1999	325	157	163	45	49	35	76	56	64	39	183	14	26	8	19	21	26	7	8	0
*	3p	-	49	243510	152148	156020	243106	794784	1920	323	146	174	37	57	44	67	48	92	33	182	20	18	10	16	28	21	10	5	0
*	3p	-	50	242389	152220	156309	241699	792617	1816	315	146	147	39	50	56	68	23	75	36	160	22	15	13	19	27	14	9	11	0
*	3p	-	51	241018	151922	156509	240856	790305	1863	377	146	158	39	46	35	74	30	68	38	171	17	38	11	15	22	18	3	8	0
*	3p	-	52	240666	150339	155494	241199	787698	1793	320	157	159	36	43	43	61	37	73	47	148	23	24	10	10	22	19	5	6	0
*	3p	-	53	240084	149768	154226	240778	784856	1675	336	162	171	39	56	39	72	28	66	48	164	21	20	16	13	21	27	6	6	0
*	3p	-	54	238748	149487	152751	240891	781877	1620	351	164	146	38	52	34	74	43	62	45	172	23	25	12	9	24	17	9	7	0
*	3p	-	55	238667	148600	151760	239492	778519	1607	362	156	152	39	46	37	63	39	60	36	177	21	20	5	8	18	17	8	8	0
*	3p	-	56	236819	147943	151207	238932	774901	1603	344	152	157	28	51	42	69	42	82	46	165	21	23	9	18	23	11	4	7	0
*	3p	-	57	236062	146604	149966	238257	770889	1416	368	127	146	50	52	40	59	42	75	38	170	18	20	10	10	16	21	6	13	0
*	3p	-	58	234961	145972	148758	237059	766750	1418	363	165	178	34	46	50	60	49	65	30	180	22	22	4	9	35	31	5	6	0
*	3p	-	59	234125	146198	147341	234628	762292	1379	371	156	156	42	39	43	68	26	68	44	182	23	22	9	9	19	28	8	11	0
*	3p	-	60	232556	144522	146467	233974	757519	1349	344	122	158	46	41	43	69	36	57	49	205	10	20	10	13	12	12	6	11	0
*	3p	-	61	231086	143367	145721	232097	752271	1206	348	121	159	38	52	42	54	40	64	36	184	22	22	5	5	21	9	4	5	0
*	3p	-	62	229047	142319	144713	230620	746699	1154	351	141	158	33	41	37	69	53	54	38	187	12	9	6	6	15	10	4	2	0
*	3p	-	63	227679	140366	143121	229614	740780	1174	387	127	143	25	48	32	54	43	55	46	191	19	10	5	13	10	14	9	1	0
*	3p	-	64	226370	138623	142236	227162	734391	1129	386	140	148	40	39	42	63	32	64	33	166	15	12	9	7	16	14	3	5	0
*	3p	-	65	224685	137112	140353	225510	727660	1060	346	167	157	31	39	34	55	33	56	22	175	13	17	7	11	14	11	5	5	0
*	3p	-	66	222129	135886	138112	224435	720562	961	354	128	118	38	52	21	51	34	50	46	160	12	9	6	9	21	11	4	0	0
*	3p	-	67	220024	134914	136126	222054	713118	971	379	150	140	41	51	43	51	37	57	36	162	18	14	4	8	19	12	8	4	0
*	3p	-	68	218303	132967	134257	219668	705195	941	363	113	144	30	54	26	59	32	66	38	171	14	21	5	5	18	13	4	5	0
*	3p	-	69	215137	132098	132006	217710	696951	906	357	127	145	32	42	33	49	35	57	40	163	13	12	8	8	11	16	4	3	0
*	3p	-	70	212720	130535	130413	214531	688199	829	347	137	130	42	40	40	47	35	56	32	178	12	13	9	6	7	14	5	6	0
*	5p	+	1	206863	152481	117591	321952	798887	152	2314	131	187	77	137	32	57	55	95	56	155	0	0	0	0	0	0	0	0	7
*	5p	+	2	261577	137153	155305	246370	800405	167	1789	241	163	62	97	48	69	47	79	41	217	0	0	0	0	9	7	4	6	7
*	5p	+	3	255681	149220	148381	248790	802072	155	1287	181	155	38	60	44	52	51	84	50	255	0	0	0	0	16	16	7	12	3
*	5p	+	4	248487	154241	155003	245806	803537	135	1051	171	178	38	58	42	49	38	58	46	182	1	0	0	0	25	18	22	18	1
*	5p	+	5	248701	155632	158050	242487	804870	122	818	163	156	41	59	40	54	48	49	56	264	5	5	1	2	47	40	28	27	0
*	5p	+	6	252933	159492	157716	235747	805888	163	586	167	154	43	48	34	44	43	56	51	212	13	9	6	2	41	36	29	20	0
*	5p	+	7	246726	158161	154447	247190	806524	129	499	142	163	37	48	34	58	41	49	40	246	9	9	3	2	22	27	15	16	0
*	5p	+	8	247152	161184	153907	244675	806918	155	426	151	174	44	38	46	43	33	41	36	234	16	17	3	4	22	19	11	13	0
*	5p	+	9	242958	161323	155828	246992	807101	119	373	157	160	34	46	33	45	49	45	50	236	10	16	3	2	14	21	6	13	0
*	5p	+	10	243211	163140	157200	243660	807211	131	370	132	153	54	38	42	37	51	42	39	208	15	8	4	3	11	29	7	4	0
*	5p	+	11	243580	161688	157090	244913	807271	136	372	169	177	34	43	39	40	47	58	52	221	7	17	0	5	6	14	3	2	0
*	5p	+	12	245221	160417	157754	243883	807275	146	348	149	155	38	45	45	39	41	39	48	227	16	15	3	6	12	15	7	2	0
*	5p	+	13	243279	160819	156409	246780	807287	136	375	169	151	32	45	39	42	29	30	34	202	14	16	13	7	8	14	1	5	0
*	5p	+	14	244214	160353	156521	246176	807264	134	333	131	158	34	55	39	42	38	34	41	230	13	19	5	4	17	27	5	8	0
*	5p	+	15	243372	160709	156549	246655	807285	141	360	140	161	34	42	34	37	31	44	52	200	11	22	11	9	11	18	6	3	0
*	5p	+	16	241892	160115	157601	247662	807270	157	336	149	172	48	41	36	43	40	36	37	192	19	14	7	5	21	25	2	4	0
*	5p	+	17	242717	159976	158226	246358	807277	153	363	132	151	33	38	44	44	42	44	34	204	19	20	2	4	17	17	7	4	0
*	5p	+	18	243337	160007	158289	245638	807271	206	365	151	162	40	45	32	37	48	46	38	205	21	19	3	8	25	20	2	4	0
*	5p	+	19	244261	158630	158265	246129	807285	247	338	125	156	43	33	33	33	43	30	45	189	20	14	5	7	17	13	6	2	0
*	5p	+	20	243552	159033	158578	246120	807283	363	352	146	170	30	47	27	35	40	43	40	212	18	24	8	12	16	15	7	2	0
*	5p	+	21	244064	159315	158356	245550	807285	467	402	162	163	30	41	49	41	39	36	32	168	21	24	2	7	15	17	4	2	0
*	5p	+	22	242934	159666	157553	247128	807281	590	360	142	161	58	33	31	43	40	42	49	174	23	24	4	4	19	18	2	3	0
*	5p	+	23	242900	159234	157170	247965	807269	730	407	160	153	37	43	41	53	22	46	46	223	15	21	10	7	24	17	7	6	0
*	5p	+	24	243418	157790	157599	248482	807289	905	404	155	146	43	48	35	35	36	46	33	213	20	20	7	8	13	14	2	5	0
*	5p	+	25	243246	158077	158112	247847	807282	1035	346	149	158	34	41	47	40	42	45	40	214	20	27	9	12	17	14	5	4	0
*	5p	+	26	243811	157724	158703	247040	807278	1133	342	158	163	41	57	45	45	49	52	42	185	15	17	13	13	17	19	6	2	0
*	5p	+	27	243441	157639	159209	246982	807271	1228	359	171	156	46	44	40	63	48	55	37	208	29	19	17	15	17	23	7	5	0
*	5p	+	28	243715	157475	159584	246492	807266	1383	375	125	153	41	55	48	56	34	45	43	237	24	26	5	15	25	17	4	11	0
*	5p	+	29	243288	157851	159718	246412	807269	1511	317	160	158	50	59	43	56	32	40	33	185	26	23	8	17	30	17	5	0	0
*	5p	+	30	242553	158606	159769	246347	807275	1559	320	160	153	39	41	37	62	34	41	33	207	20	21	7	11	21	14	6	5	0
*	5p	+	31	243524	158337	159634	245779	807274	1629	300	142	165	46	61	46	70	47	61	53	201	16	23	7	9	22	15	6	5	0
*	5p	+	32	243780	157281	158903	247300	807264	1664	313	155	137	42	50	37	63	41	51	35	201	21	21	14	9	19	24	8	5	0
*	5p	+	33	243546	157066	159637	247006	807255	1743	321	169	160	29	50	43	65	33	38	39	212	26	27	12	10	25	23	7	5	0
*	5p	+	34	244095	157121	158791	247248	807255	1797	346	163	173	48	53	43	63	36	49	46	193	19	35	12	13	23	16	7	9	0
*	5p	+	35	243812	156572	159194	247671	807249	1962	324	163	176	45	62	36	75	45	53	41	195	21	31	14	12	15	19	15	9	0
*	5p	+	36	244406	155749	160282	246514	806951	2056	327	152	180	35	46	46	52	33	60	49	195	19	21	9	17	27	19	5	3	0
*	5p	+	37	244578	155054	159920	247047	806599	2059	313	158	184	45	47	42	68	41	43	28	207	21	24	11	16	16	21	5	1	0
*	5p	+	38	244472	155090	160702	245910	806174	2105	287	159	172	38	42	41	70	44	46	49	190	23	35	10	13	24	19	7	6	0
*	5p	+	39	244183	155516	160592	245383	805674	2250	310	161	166	57	65	49	92	56	78	41	227	26	32	10	11	19	22	9	6	0
*	5p	+	40	243927	155644	159406	246126	805103	2256	280	137	175	39	44	51	77	38	66	46	192	26	25	20	17	25	15	3	5	0
*	5p	+	41	243427	154915	159665	246411	804418	2366	338	155	193	46	55	36	70	41	77	43	189	29	22	7	23	27	11	9	4	0
*	5p	+	42	243819	155409	159465	244981	803674	2426	310	141	144	44	47	44	64	46	73	39	210	25	19	7	10	23	22	6	4	0
*	5p	+	43	243481	154319	158903	246032	802735	2430	309	152	159	56	60	44	72	39	83	47	181	29	19	14	19	24	26	5	8	0
*	5p	+	44	243999	153575	159399	244719	801692	2519	284	158	201	40	52	48	89	37	75	37	188	33	26	5	21	23	21	10	5	0
*	5p	+	45	244029	152409	158916	245173	800527	2650	298	175	157	48	53	39	93	38	60	43	162	22	24	10	13	19	28	12	11	0
*	5p	+	46	243782	152049	158858	244523	799212	2650	288	136	162	45	55	63	80	47	88	53	161	30	29	16	18	15	31	5	6	0
*	5p	+	47	243696	151799	158303	243976	797774	2693	272	145	168	41	55	47	98	40	64	45	164	25	27	12	19	16	19	3	2	0
*	5p	+	48	243795	151871	157547	242879	796092	2756	300	152	159	43	54	59	73	37	79	39	157	28	26	11	15	24	15	11	7	0
*	5p	+	49	243463	150267	157766	242702	794198	2820	281	152	158	32	54	41	89	41	79	45	165	16	25	9	22	20	26	1	2	0
*	5p	+	50	241459	150179	157975	242492	792105	2907	247	175	177	42	49	57	73	28	84	42	174	26	32	11	12	21	28	6	6	0
*	5p	+	51	242102	150133	156315	241172	789722	2981	246	143	182	47	37	54	88	34	80	33	154	22	25	9	18	22	28	5	8	0
*	5p	+	52	240153	149293	156261	241482	787189	3052	235	158	152	37	44	49	79	55	93	42	173	24	18	13	22	30	26	3	4	0
*	5p	+	53	240113	147733	155442	241073	784361	2993	239	157	193	37	45	56	103	45	112	36	161	27	27	8	13	24	24	14	8	0
*	5p	+	54	239361	147809	154853	239311	781334	3136	244	152	156	49	36	56	119	45	105	43	166	27	31	19	10	25	31	6	4	0
*	5p	+	55	239518	147009	153094	238363	777984	3081	272	159	163	42	47	51	100	55	86	33	162	28	31	17	14	23	20	3	4	0
*	5p	+	56	238792	145684	152170	237796	774442	3317	223	141	154	47	44	53	88	52	109	40	157	26	33	6	20	20	24	3	7	0
*	5p	+	57	237766	144746	151552	236560	770624	3352	242	161	164	37	47	42	88	41	123	39	152	23	25	11	17	16	23	12	6	0
*	5p	+	58	236753	143338	150349	236086	766526	3292	219	123	161	42	49	33	96	27	104	33	157	27	30	14	20	24	18	4	16	0
*	5p	+	59	235042	142179	150834	233879	761934	3358	209	162	143	38	40	63	96	41	119	28	140	26	32	14	16	28	21	11	9	0
*	5p	+	60	233539	141048	149239	233223	757049	3335	237	160	146	41	41	54	94	41	113	57	160	27	30	12	12	25	23	9	5	0
*	5p	+	61	231610	140097	148175	231923	751805	3443	232	135	167	50	62	50	104	32	129	36	140	26	25	17	20	28	22	9	9	0
*	5p	+	62	230279	138809	147059	230074	746221	3390	238	137	162	41	41	51	104	29	129	30	156	22	33	22	20	30	16	7	11	0
*	5p	+	63	228921	137993	145098	228304	740316	3421	224	147	154	45	55	34	103	41	137	35	137	23	20	12	19	31	31	10	13	0
*	5p	+	64	227404	136078	143602	226895	733979	3474	200	164	159	40	53	45	105	47	130	29	139	12	25	13	21	36	22	5	14	0
*	5p	+	65	225905	134388	142532	224484	727309	3514	205	155	137	32	44	54	115	39	158	45	140	17	27	16	16	31	20	7	9	0
*	5p	+	66	224390	132827	141024	222118	720359	3515	195	143	186	44	52	47	140	36	164	34	121	16	33	6	18	16	20	6	12	0
*	5p	+	67	222005	130648	139700	220494	712847	3616	164	132	170	42	52	40	105	37	143	50	145	23	29	12	11	16	28	7	12	0
*	5p	+	68	219691	128745	138057	218506	704999	3603	160	127	169	32	57	37	111	47	153	45	142	22	26	15	12	21	24	6	11	0
*	5p	+	69	216902	127802	136724	215383	696811	3746	207	112	166	51	57	35	110	41	169	38	127	18	28	16	22	23	22	8	5	0
*	5p	+	70	214949	125874	134190	213183	688196	3704	185	102	163	42	67	47	125	38	166	46	129	18	25	19	14	21	32	8	11	0
*	5p	-	1	205974	153620	118278	322038	799910	163	2318	136	166	79	147	46	71	52	88	55	140	0	0	0	0	0	0	0	0	0
*	5p	-	2	261150	136503	156183	247597	801433	173	1834	218	138	58	69	42	67	72	97	31	197	0	0	0	0	2	0	0	1	0
*	5p	-	3	257134	149129	148693	248071	803027	177	1280	160	177	66	74	38	61	51	85	46	244	0	0	0	0	4	2	2	1	0
*	5p	-	4	248934	153948	155800	245847	804529	160	1092	179	144	44	76	30	41	57	64	45	183	0	0	0	0	4	3	5	3	0
*	5p	-	5	248146	155683	158108	243891	805828	133	807	168	148	47	63	39	53	56	56	44	291	1	0	3	0	39	28	19	23	0
*	5p	-	6	252626	159341	158173	236709	806849	157	615	139	161	52	45	25	56	41	74	47	226	0	5	3	1	31	25	32	32	0
*	5p	-	7	247223	157409	155763	247109	807504	146	527	151	168	45	45	39	34	34	46	51	230	0	10	8	1	29	21	31	15	0
*	5p	-	8	247232	161600	154435	244622	807889	132	414	159	158	50	43	29	42	29	53	39	213	3	11	7	4	20	9	18	9	0
*	5p	-	9	243363	160854	156720	247143	808080	133	380	146	171	42	33	38	35	41	35	51	233	5	5	3	2	11	18	6	7	0
*	5p	-	10	243192	163124	158104	243746	808166	123	378	165	146	38	59	31	38	28	48	35	224	1	2	1	4	12	11	5	9	0
*	5p	-	11	243854	161618	157274	245476	808222	152	319	152	147	38	46	30	33	49	42	46	222	2	7	4	3	5	3	5	6	0
*	5p	-	12	245006	160475	157971	244789	808241	157	356	153	127	46	34	40	41	37	36	28	223	9	4	4	4	3	7	7	4	0
*	5p	-	13	244066	160655	156902	246627	808250	157	340	139	144	35	50	35	42	32	30	46	233	3	8	2	7	9	12	2	3	0
*	5p	-	14	244302	160115	157176	246666	808259	145	314	170	158	40	52	37	33	56	49	44	211	6	4	4	2	5	10	5	1	0
*	5p	-	15	243779	161062	157288	246129	808258	115	365	172	161	44	53	32	49	38	38	45	194	10	6	3	4	7	7	7	2	0
*	5p	-	16	244020	159884	157779	246566	808249	159	352	183	137	41	53	23	37	36	42	36	212	6	7	5	4	11	9	9	3	0
*	5p	-	17	242469	159945	159486	246353	808253	155	363	141	154	44	41	47	35	54	54	42	221	11	15	5	4	12	10	3	3	0
*	5p	-	18	243799	159953	158746	245759	808257	209	350	169	146	40	44	41	38	33	43	40	204	19	14	5	7	10	9	3	2	0
*	5p	-	19	243162	159750	158792	246539	808243	260	399	159	155	32	50	38	41	30	29	32	205	14	13	5	6	13	14	5	6	0
*	5p	-	20	244270	159635	158746	245588	808239	359	395	172	150	29	43	20	54	35	45	43	189	10	12	11	7	17	16	3	6	0
*	5p	-	21	243604	159938	158886	245812	808240	456	361	141	156	56	42	34	37	44	42	30	192	13	15	4	11	11	15	4	11	0
*	5p	-	22	243474	159996	157621	247147	808238	619	364	162	144	45	45	45	43	30	40	41	202	9	14	9	4	16	15	4	8	0
*	5p	-	23	243683	159000	157630	247928	808241	722	333	139	140	40	53	40	39	40	39	40	204	20	17	4	4	16	16	6	2	0
*	5p	-	24	243904	158654	157872	247822	808252	864	398	169	135	31	48	35	53	31	41	32	227	12	19	5	10	13	11	2	2	0
*	5p	-	25	243548	157900	159070	247728	808246	1028	363	151	140	42	48	38	52	31	44	42	189	12	15	6	5	12	16	4	3	0
*	5p	-	26	243908	157880	159315	247131	808234	1144	384	162	143	37	40	46	48	38	62	57	192	23	20	6	8	17	20	6	4	0
*	5p	-	27	244067	157836	159437	246895	808235	1317	331	125	162	30	52	35	47	32	54	50	198	18	18	6	7	20	18	4	4	0
*	5p	-	28	243750	157080	160685	246727	808242	1347	351	167	179	36	54	35	60	30	45	44	210	14	22	6	11	19	12	6	2	0
*	5p	-	29	243253	157662	160386	246927	808228	1450	334	149	141	37	44	28	46	45	37	32	208	23	17	13	8	15	22	6	10	0
*	5p	-	30	243152	158069	160807	246202	808230	1583	359	165	146	42	66	48	51	40	50	41	207	20	23	8	11	13	26	5	7	0
*	5p	-	31	243557	158678	159584	246416	808235	1638	385	149	152	30	45	47	55	37	56	39	208	20	21	5	18	18	16	4	5	0
*	5p	-	32	242778	157965	160578	246899	808220	1697	336	145	144	45	51	50	64	36	51	46	205	27	22	8	8	18	20	7	9	0
*	5p	-	33	243862	157188	160328	246850	808228	1731	336	141	156	47	51	44	59	43	57	34	230	18	22	8	10	13	21	5	3	0
*	5p	-	34	244762	156726	160056	246675	808219	1846	309	152	168	46	45	34	65	32	54	40	185	18	25	8	6	13	21	7	5	0
*	5p	-	35	244396	156340	160478	246991	808205	1996	312	149	168	35	58	48	54	52	65	39	188	20	19	7	12	22	24	6	6	0
*	5p	-	36	244952	155728	160150	247070	807900	2073	302	136	167	51	44	40	55	39	53	37	169	24	24	5	16	20	13	5	8	0
*	5p	-	37	244805	155900	159968	246842	807515	2057	308	158	178	40	35	37	65	39	80	40	185	22	22	9	15	14	19	4	5	0
*	5p	-	38	243925	155830	161113	246188	807056	2110	325	157	158	33	44	36	72	43	58	61	173	18	23	7	14	21	27	6	10	0
*	5p	-	39	244272	155428	160615	246243	806558	2266	283	164	188	52	48	55	82	50	72	44	190	23	24	11	20	24	18	3	6	0
*	5p	-	40	244337	155765	160707	245147	805956	2211	302	153	163	34	55	46	62	40	49	41	180	29	31	6	27	19	17	4	11	0
*	5p	-	41	243939	155169	160350	245791	805249	2428	293	159	158	41	45	42	74	44	74	52	177	42	31	10	18	24	18	7	10	0
*	5p	-	42	244227	155347	160168	244716	804458	2445	304	161	156	37	43	39	94	47	54	35	171	26	29	12	19	20	31	2	4	0
*	5p	-	43	243358	154374	160014	245801	803547	2512	285	163	178	45	37	45	64	41	60	46	190	26	26	8	20	24	25	5	5	0
*	5p	-	44	244850	153348	159177	245051	802426	2547	276	148	175	39	48	45	84	38	54	37	225	24	27	13	16	20	26	8	7	0
*	5p	-	45	244522	152503	159727	244493	801245	2580	293	158	168	24	46	35	68	60	85	41	178	24	31	9	18	18	21	8	5	0
*	5p	-	46	244796	151714	158388	245018	799916	2671	289	147	155	38	31	45	74	28	92	38	171	20	18	13	22	21	18	8	5	0
*	5p	-	47	243054	152531	158206	244570	798361	2767	283	138	169	45	54	54	78	41	95	43	181	23	36	15	16	22	26	6	11	0
*	5p	-	48	243928	151057	158678	243027	796690	2861	240	144	156	46	39	47	82	37	102	34	185	22	25	16	13	20	21	5	6	0
*	5p	-	49	243080	151132	158202	242391	794805	2817	299	152	185	46	45	45	93	45	83	35	170	24	28	10	15	18	15	3	8	0
*	5p	-	50	242649	150129	157640	242194	792612	2922	275	171	159	46	58	42	91	36	78	48	190	30	32	10	9	32	19	6	8	0
*	5p	-	51	241945	149177	157803	241370	790295	3033	263	131	191	24	40	56	83	48	95	42	166	20	28	13	14	27	24	6	9	0
*	5p	-	52	240758	149803	156183	240968	787712	3091	282	145	150	41	48	52	80	39	85	42	135	25	31	17	26	21	19	11	9	0
*	5p	-	53	240060	148417	155517	240875	784869	3063	249	151	175	50	32	46	82	52	92	43	168	25	34	12	21	28	18	8	12	0
*	5p	-	54	240048	147524	154893	239420	781885	3112	258	136	196	38	48	60	107	45	80	38	135	26	33	20	20	22	24	9	9	0
*	5p	-	55	239308	146706	153958	238529	778501	3136	261	170	174	48	46	42	93	33	104	44	163	32	34	13	24	27	24	9	10	0
*	5p	-	56	238196	146088	153192	237384	774860	3285	216	138	166	43	45	33	91	43	121	36	138	25	35	9	11	26	23	5	10	0
*	5p	-	57	237189	144581	152365	236728	770863	3319	218	139	157	39	43	44	112	47	108	44	171	24	26	16	23	30	19	8	11	0
*	5p	-	58	236818	143437	151459	235020	766734	3296	230	146	137	40	46	35	115	32	130	52	154	23	25	11	24	19	18	12	11	0
*	5p	-	59	234227	142371	151315	234324	762237	3383	216	147	167	34	52	61	106	48	119	37	152	22	30	11	19	30	27	5	8	0
*	5p	-	60	233232	141275	149834	233072	757413	3429	228	166	163	35	48	42	104	46	127	51	157	31	21	17	13	23	19	9	17	0
*	5p	-	61	232139	139995	148424	231581	752139	3489	205	130	157	40	37	50	118	32	119	44	161	30	24	13	22	24	22	18	7	0
*	5p	-	62	230839	138357	147337	230009	746542	3557	229	141	153	36	44	52	105	36	136	39	147	20	38	13	17	22	19	13	9	0
*	5p	-	63	229151	137206	145976	228272	740605	3665	238	146	172	31	54	47	106	25	138	36	149	21	30	20	13	27	16	8	13	0
*	5p	-	64	227922	135887	144995	225437	734241	3579	224	148	155	39	39	48	99	38	138	44	145	23	35	20	19	25	21	12	6	0
*	5p	-	65	226587	134990	142654	223306	727537	3487	209	129	157	44	52	50	106	40	143	49	138	27	31	16	20	22	30	5	9	0
*	5p	-	66	224603	132152	141664	222005	720424	3689	203	147	145	42	49	48	118	35	148	42	160	19	35	15	20	35	27	6	9	0
*	5p	-	67	222128	130127	140086	220635	712976	3691	168	160	155	42	44	33	102	39	140	44	135	17	35	24	12	30	26	6	12	0
*	5p	-	68	220120	128651	138370	217905	705046	3570	211	156	153	39	43	39	102	48	173	35	140	22	26	12	18	15	20	8	7	0
*	5p	-	69	217781	127464	136998	214524	696767	3592	164	150	173	27	45	46	93	42	181	45	118	23	34	14	11	26	25	5	11	0
*	5p	-	70	214821	125275	134545	213380	688021	3660	170	136	156	31	73	39	130	45	155	41	135	33	24	5	24	18	26	7	7	0
