# table produced by mapDamage version 2.0.3
# using mapped file tmp2.sam and ../BmelReference/GCF_000007125.1_ASM712v1_genomic.fna as reference file
# Chr: reference from sam/bam header, End: from which termini of DNA sequences, Std: strand of reads
Chr	End	Std	Pos	A	C	G	T	Total	G>A	C>T	A>G	T>C	A>C	A>T	C>G	C>A	T>G	T>A	G>C	G>T	A>-	T>-	C>-	G>-	->A	->T	->C	->G	S
*	3p	+	1	15202	8863	16871	9828	50764	3111	8	18	18	3	4	9	15	4	8	5	11	0	0	0	0	0	0	0	0	1
*	3p	+	2	13203	12611	13761	11188	50763	1544	19	12	22	6	4	11	14	6	3	3	8	0	0	0	0	0	0	0	1	1
*	3p	+	3	11604	13743	13626	11790	50763	871	11	9	12	5	5	7	16	4	7	4	4	0	1	0	0	0	0	0	1	1
*	3p	+	4	11849	13358	14389	11167	50763	559	11	18	11	10	6	5	17	5	8	7	20	2	0	0	0	0	0	0	1	0
*	3p	+	5	11292	14249	14166	11057	50764	470	12	14	17	7	3	1	25	1	11	4	11	2	1	0	0	0	0	0	0	0
*	3p	+	6	10781	13828	15104	11048	50761	335	8	11	16	1	2	6	18	6	19	7	16	1	1	1	1	1	0	2	0	0
*	3p	+	7	11493	13782	14587	10899	50761	316	15	11	11	3	3	8	24	4	26	2	21	2	0	0	0	3	0	0	0	0
*	3p	+	8	10922	13644	15522	10674	50762	286	7	6	6	2	1	5	15	8	18	3	19	1	1	0	1	0	0	2	0	0
*	3p	+	9	10915	14426	14486	10927	50754	231	19	14	13	3	2	4	21	1	26	6	11	1	1	2	1	0	2	3	5	0
*	3p	+	10	11173	13881	14609	11093	50756	225	10	12	17	6	6	7	14	4	25	5	11	0	1	3	2	3	1	0	4	0
*	3p	+	11	11200	13766	15018	10779	50763	227	11	16	9	4	0	9	25	6	38	5	13	0	5	0	3	0	0	0	1	0
*	3p	+	12	10883	14119	14390	11367	50759	196	15	13	14	3	2	5	17	2	22	4	16	0	1	6	3	1	0	1	3	0
*	3p	+	13	11643	13567	14353	11197	50760	253	10	14	9	2	1	3	12	5	24	6	9	2	2	3	2	2	0	0	2	0
*	3p	+	14	11207	13949	14847	10757	50760	239	10	12	10	5	3	3	15	3	11	3	18	0	2	1	1	0	1	1	2	0
*	3p	+	15	11051	14142	14585	10985	50763	227	13	17	15	3	0	5	9	7	12	7	16	0	4	2	2	1	0	0	0	0
*	3p	+	16	11698	13635	14325	11102	50760	213	12	7	7	2	2	5	12	1	9	2	17	2	1	3	2	1	0	0	3	0
*	3p	+	17	11187	13900	14921	10753	50761	247	13	8	9	5	1	2	9	4	6	1	19	0	2	2	4	0	1	0	2	0
*	3p	+	18	11283	14128	14381	10969	50761	256	12	8	9	7	2	3	11	3	4	2	17	0	2	4	3	1	0	1	1	0
*	3p	+	19	11549	13528	14480	11207	50764	271	15	11	11	3	3	2	9	2	8	0	21	1	1	2	3	0	0	0	0	0
*	3p	+	20	11128	14009	14669	10954	50760	276	15	19	10	2	1	4	11	3	9	2	21	0	2	4	2	0	3	0	1	0
*	3p	+	21	11070	14199	14136	11356	50761	283	25	15	10	4	1	5	13	5	5	2	13	2	0	4	1	1	1	1	0	0
*	3p	+	22	11687	13389	14408	11276	50760	272	17	9	13	3	3	4	11	2	2	2	13	1	0	1	1	2	0	0	2	0
*	3p	+	23	11447	13806	14593	10914	50760	271	20	5	12	3	1	0	8	2	7	5	18	1	1	1	0	1	0	2	1	0
*	3p	+	24	11111	14271	14191	11185	50758	275	22	11	11	5	5	5	14	4	6	4	22	0	1	1	1	2	0	2	2	0
*	3p	+	25	11576	13682	14288	11215	50761	242	20	9	8	3	3	4	16	3	6	2	14	0	2	2	1	1	0	1	1	0
*	3p	+	26	11249	14065	14632	10812	50758	250	25	15	20	5	4	3	10	1	5	1	26	1	0	0	2	3	0	1	2	0
*	3p	+	27	11069	14204	14322	11166	50761	244	25	7	15	1	2	4	6	1	2	2	14	0	0	4	1	0	1	1	1	0
*	3p	+	28	11583	13700	14290	11184	50757	244	26	11	10	4	3	2	8	1	1	2	19	1	2	3	0	2	2	0	3	0
*	3p	+	29	11093	13842	14812	11015	50762	251	32	8	11	5	2	2	6	0	7	4	21	0	1	1	2	0	0	0	1	0
*	3p	+	30	11076	14039	14170	11478	50763	223	26	9	10	5	1	1	13	2	7	3	22	1	1	1	0	0	0	0	1	0
*	3p	+	31	11524	13581	14421	11236	50762	221	24	6	7	3	2	3	6	2	4	3	21	1	1	4	1	0	2	0	0	0
*	3p	+	32	11159	14158	14615	10829	50761	209	34	4	6	5	2	0	7	1	5	2	13	0	1	1	1	1	0	0	1	0
*	3p	+	33	10966	14289	14229	11277	50761	207	20	10	10	2	4	4	11	3	3	3	23	0	1	2	3	0	1	0	1	0
*	3p	+	34	11427	13676	14308	11351	50762	194	22	9	11	1	2	1	5	3	2	2	19	0	1	5	2	0	0	0	0	0
*	3p	+	35	11175	13934	14551	11102	50762	205	24	9	15	1	4	2	7	2	5	2	16	0	0	2	2	0	0	0	0	0
*	3p	+	36	10961	14288	13937	11496	50682	189	24	9	10	3	1	2	10	6	6	1	19	0	0	0	1	1	0	0	0	0
*	3p	+	37	11521	13542	14168	11354	50585	169	26	9	10	5	1	3	14	1	4	2	16	3	0	0	1	1	0	1	1	0
*	3p	+	38	11045	14081	14347	10992	50465	181	30	17	8	6	2	0	9	1	6	3	23	0	0	2	0	1	2	1	0	0
*	3p	+	39	10874	14078	14124	11260	50336	197	32	9	13	2	0	3	5	1	4	4	21	0	2	3	1	0	0	2	3	0
*	3p	+	40	11635	13608	13952	11006	50201	165	23	4	8	2	4	3	5	2	4	4	21	1	0	0	3	0	1	0	1	0
*	3p	+	41	10911	13904	14633	10618	50066	166	25	10	19	2	1	2	6	0	6	3	20	1	1	2	4	0	0	1	0	0
*	3p	+	42	10870	14044	13804	11199	49917	157	25	11	11	6	2	2	6	6	4	2	15	0	2	2	2	0	0	1	0	0
*	3p	+	43	11330	13434	13767	11215	49746	151	31	8	5	3	1	4	2	2	4	2	23	0	0	1	2	0	0	0	1	0
*	3p	+	44	11025	13550	14188	10745	49508	132	39	8	7	2	1	2	12	4	1	3	28	3	1	1	3	0	1	0	2	0
*	3p	+	45	10817	13788	13535	11179	49319	135	25	11	8	3	2	5	8	6	3	4	18	2	0	3	2	1	1	0	1	0
*	3p	+	46	11065	13326	13715	11003	49109	155	25	8	7	5	1	1	4	1	2	5	12	0	1	1	0	1	0	0	0	0
*	3p	+	47	10698	13595	13843	10709	48845	145	14	11	13	0	5	3	8	5	2	4	16	2	1	2	3	0	2	0	0	0
*	3p	+	48	10623	13523	13514	10925	48585	121	19	9	10	1	3	5	2	1	1	1	14	0	0	2	4	0	0	2	1	0
*	3p	+	49	10997	13217	13202	10910	48326	116	42	7	5	0	4	2	2	4	3	4	14	0	1	4	0	2	1	2	0	0
*	3p	+	50	10486	13449	13573	10544	48052	118	18	11	9	3	1	7	4	2	1	2	18	1	1	0	5	0	1	0	0	0
*	3p	+	51	10176	13439	13348	10796	47759	129	23	12	13	2	0	6	7	7	3	3	22	1	1	0	1	0	0	0	0	0
*	3p	+	52	10771	12815	13088	10794	47468	95	24	12	7	3	3	1	4	3	4	2	23	0	0	0	1	0	0	0	1	0
*	3p	+	53	10324	13036	13368	10429	47157	115	29	12	7	3	1	2	8	2	5	2	18	0	1	2	6	0	1	0	0	0
*	3p	+	54	10104	13150	12814	10752	46820	116	22	9	5	3	5	6	6	2	2	4	21	0	1	0	3	0	0	2	0	0
*	3p	+	55	10421	12730	12898	10465	46514	90	30	5	10	1	1	1	5	3	1	2	22	0	0	2	0	0	2	3	0	0
*	3p	+	56	10135	12786	12969	10302	46192	91	37	9	13	5	0	1	2	3	2	0	15	1	0	1	0	0	2	0	1	0
*	3p	+	57	10060	12920	12494	10326	45800	91	26	5	13	1	0	4	3	1	2	0	14	0	0	2	2	0	1	0	2	0
*	3p	+	58	10242	12191	12679	10297	45409	108	29	10	9	4	3	3	5	4	3	2	18	0	0	2	3	0	0	0	2	0
*	3p	+	59	9930	12506	12716	9870	45022	88	20	9	15	1	0	1	7	0	2	1	20	2	0	0	0	0	0	0	0	0
*	3p	+	60	9634	12565	12354	10108	44661	88	29	5	6	1	2	3	8	1	3	3	16	1	1	1	0	0	0	0	0	0
*	3p	+	61	10097	11820	12270	10073	44260	97	22	5	6	2	1	2	8	2	3	2	25	1	2	1	1	0	0	1	0	0
*	3p	+	62	9520	12446	12380	9528	43874	81	25	8	12	1	0	4	4	4	0	1	16	1	0	0	2	0	0	0	0	0
*	3p	+	63	9254	12387	11916	9889	43446	80	26	7	8	1	3	5	5	2	0	6	20	1	1	0	2	0	2	0	0	0
*	3p	+	64	9758	11578	11871	9785	42992	71	20	9	10	2	3	2	7	2	0	3	21	1	0	3	1	1	1	1	0	0
*	3p	+	65	9368	11857	12070	9246	42541	85	21	8	8	2	0	3	4	2	2	3	17	1	0	1	0	1	1	0	1	0
*	3p	+	66	9088	11834	11614	9522	42058	74	22	4	10	0	2	3	5	3	2	3	11	0	0	2	1	2	0	2	2	0
*	3p	+	67	9397	11277	11399	9494	41567	80	36	10	6	1	2	0	7	2	1	1	13	0	0	3	1	2	1	2	1	0
*	3p	+	68	8869	11524	11781	8923	41097	73	24	7	12	2	0	0	5	4	2	4	17	4	0	4	1	0	1	0	0	0
*	3p	+	69	8569	11559	11163	9262	40553	60	22	8	7	3	1	2	3	3	2	2	16	0	1	1	3	0	0	0	0	0
*	3p	+	70	8944	10923	11082	9094	40043	70	26	2	9	4	2	2	7	6	0	1	9	0	1	0	1	0	1	0	0	0
*	3p	-	1	15197	9167	16918	9618	50900	3139	8	16	22	4	6	7	21	7	11	6	3	0	0	0	0	0	0	0	0	0
*	3p	-	2	12869	12917	13864	11250	50900	1496	20	21	15	7	6	6	12	8	7	8	10	0	0	0	0	0	0	0	0	0
*	3p	-	3	11685	13926	13661	11628	50900	851	12	12	15	5	2	6	25	3	11	8	13	0	0	0	0	0	0	0	0	0
*	3p	-	4	12042	13360	14350	11148	50900	549	9	13	16	4	6	5	17	4	4	6	25	0	0	0	0	0	0	0	0	0
*	3p	-	5	11346	14395	14174	10981	50896	429	10	11	11	2	2	4	19	4	8	7	16	0	0	0	0	0	1	1	2	0
*	3p	-	6	10536	14057	15056	11249	50898	350	14	11	19	2	2	7	21	4	22	8	9	0	1	0	2	0	0	2	0	0
*	3p	-	7	11521	13928	14511	10937	50897	292	15	7	9	8	2	6	20	2	32	6	16	0	0	0	0	1	0	1	1	0
*	3p	-	8	11059	13824	15240	10775	50898	258	14	15	16	4	0	4	21	4	26	3	8	0	2	3	2	0	0	1	1	0
*	3p	-	9	10989	14425	14665	10817	50896	228	13	12	12	6	2	2	19	4	28	6	13	1	2	2	1	1	1	1	1	0
*	3p	-	10	11322	13907	14674	10993	50896	245	12	5	9	4	4	5	17	1	27	5	11	0	2	2	3	0	0	2	2	0
*	3p	-	11	11208	14087	15059	10541	50895	202	10	8	10	3	1	1	13	1	29	3	10	0	1	6	3	0	1	3	1	0
*	3p	-	12	10987	14226	14285	11396	50894	222	14	10	10	3	5	3	14	4	22	3	13	0	3	5	5	3	0	1	2	0
*	3p	-	13	11656	13751	14252	11235	50894	186	12	11	7	2	1	2	10	4	24	1	15	3	1	5	3	3	2	0	1	0
*	3p	-	14	11318	14117	14784	10676	50895	223	12	11	11	2	2	1	14	6	23	4	12	1	1	2	3	0	1	2	2	0
*	3p	-	15	11127	14237	14535	10999	50898	259	10	6	5	1	0	7	16	1	4	4	15	0	1	1	4	0	1	1	0	0
*	3p	-	16	11692	13625	14424	11156	50897	248	16	16	12	5	2	3	8	5	7	3	24	0	2	0	3	1	0	0	2	0
*	3p	-	17	11288	14006	14731	10873	50898	253	6	11	11	5	3	1	16	4	6	3	15	2	0	1	4	2	0	0	0	0
*	3p	-	18	11215	14224	14389	11069	50897	247	17	8	9	5	3	0	17	1	10	4	15	1	4	1	5	2	0	0	1	0
*	3p	-	19	11497	13626	14492	11282	50897	264	17	8	9	3	3	3	14	6	6	2	17	0	1	0	0	1	1	1	0	0
*	3p	-	20	11256	14077	14688	10874	50895	269	7	6	7	2	2	2	4	1	8	3	24	1	0	3	1	0	2	1	2	0
*	3p	-	21	11105	14166	14272	11352	50895	291	8	8	14	6	1	2	13	2	9	2	11	1	1	1	1	2	1	1	1	0
*	3p	-	22	11459	13843	14283	11312	50897	275	15	9	13	3	4	3	7	3	3	2	14	1	0	1	2	2	0	0	1	0
*	3p	-	23	11272	14105	14631	10891	50899	253	25	13	10	3	0	6	11	3	4	2	12	0	3	3	3	0	0	1	0	0
*	3p	-	24	11209	14075	14511	11103	50898	227	14	14	15	3	0	5	12	2	4	5	10	1	0	2	2	1	0	1	0	0
*	3p	-	25	11712	13756	14129	11302	50899	246	11	11	11	1	3	6	8	2	5	4	13	4	0	1	3	1	0	0	0	0
*	3p	-	26	11417	13936	14594	10950	50897	224	20	13	6	5	0	4	10	4	5	0	9	1	1	1	6	1	1	0	1	0
*	3p	-	27	11185	14163	14256	11290	50894	242	15	9	11	4	2	2	9	2	4	5	24	1	0	0	1	0	4	1	1	0
*	3p	-	28	11595	13723	14152	11430	50900	250	14	10	11	3	2	1	11	3	5	2	23	0	0	2	2	0	0	0	0	0
*	3p	-	29	11350	14174	14576	10800	50900	233	29	8	7	4	2	5	14	2	6	3	25	0	0	1	2	0	0	0	0	0
*	3p	-	30	11135	14344	14349	11069	50897	219	19	10	7	1	1	3	9	3	4	6	21	0	1	0	1	1	1	0	1	0
*	3p	-	31	11591	13701	14189	11416	50897	224	30	12	10	5	0	0	11	3	7	4	15	1	0	0	1	0	0	1	1	0
*	3p	-	32	11328	14054	14444	11069	50895	230	23	9	11	1	2	4	7	3	3	3	12	0	0	1	2	2	2	0	0	0
*	3p	-	33	11117	14326	14022	11432	50897	205	16	12	4	4	1	4	9	2	6	3	9	0	1	2	2	0	0	1	0	0
*	3p	-	34	11601	13812	14130	11352	50895	202	25	8	7	3	0	4	8	3	3	4	21	1	0	2	1	1	1	0	1	0
*	3p	-	35	11209	14110	14583	10994	50896	194	33	8	8	5	2	3	10	4	4	3	24	0	1	2	3	1	0	0	1	0
*	3p	-	36	11008	14320	14044	11444	50816	181	24	6	9	1	3	4	11	1	7	3	16	0	1	1	2	0	1	0	0	0
*	3p	-	37	11654	13610	14153	11300	50717	174	27	11	9	3	0	4	13	4	1	2	26	1	0	1	2	0	0	1	1	0
*	3p	-	38	11162	14049	14543	10862	50616	191	28	10	12	8	2	5	7	2	3	1	15	1	3	1	3	1	0	0	1	0
*	3p	-	39	10965	14206	14063	11268	50502	154	26	14	14	2	1	7	4	2	5	2	28	0	1	1	1	0	0	0	0	0
*	3p	-	40	11449	13601	14198	11117	50365	173	31	6	11	1	2	3	7	1	3	5	19	0	1	5	2	0	0	0	0	0
*	3p	-	41	11277	13858	14419	10680	50234	157	22	6	16	1	3	3	6	4	2	2	15	0	1	4	4	0	1	0	1	0
*	3p	-	42	10993	14047	13843	11181	50064	167	19	7	10	5	3	0	3	4	3	0	26	2	3	0	1	2	1	0	1	0
*	3p	-	43	11279	13509	13935	11145	49868	159	29	12	14	3	1	4	7	2	9	5	22	2	3	0	4	0	0	1	1	0
*	3p	-	44	11046	13655	14208	10756	49665	172	30	12	11	3	2	3	5	3	1	2	19	1	3	5	2	0	0	1	0	0
*	3p	-	45	10787	13980	13497	11189	49453	160	39	7	14	0	1	2	3	1	4	2	10	0	1	2	2	0	0	0	0	0
*	3p	-	46	11265	13431	13479	11083	49258	130	28	10	12	1	3	0	9	4	2	2	20	2	2	1	5	0	2	0	0	0
*	3p	-	47	10874	13651	13807	10713	49045	154	24	18	8	2	2	0	7	4	2	2	21	1	0	2	6	0	0	0	0	0
*	3p	-	48	10493	13744	13293	11282	48812	124	30	5	8	2	3	4	2	4	6	3	14	1	1	1	0	2	0	0	0	0
*	3p	-	49	11177	13104	13351	10938	48570	135	19	11	12	4	2	2	5	3	2	1	20	2	0	1	1	0	0	0	0	0
*	3p	-	50	10573	13494	13681	10520	48268	121	27	11	9	1	1	1	5	4	2	3	12	1	1	0	0	0	1	0	1	0
*	3p	-	51	10321	13654	13142	10875	47992	110	24	13	8	4	1	4	8	2	3	2	17	0	0	1	3	0	0	1	0	0
*	3p	-	52	10676	13118	13146	10740	47680	128	27	10	10	2	4	1	4	5	1	4	13	0	1	3	2	0	0	1	0	0
*	3p	-	53	10319	13214	13443	10412	47388	104	22	10	9	1	3	4	7	4	4	2	15	0	1	2	6	0	1	1	1	0
*	3p	-	54	10209	13432	12750	10676	47067	89	32	7	7	1	2	0	4	5	3	2	19	4	1	2	2	2	0	1	0	0
*	3p	-	55	10566	12509	12941	10725	46741	109	18	9	12	2	4	5	3	3	4	3	26	4	1	1	2	0	1	2	1	0
*	3p	-	56	10208	13080	12925	10180	46393	106	35	1	10	2	0	2	7	4	1	3	19	0	2	1	1	0	2	0	2	0
*	3p	-	57	10179	12821	12753	10293	46046	104	24	9	7	1	2	3	0	1	4	5	30	2	1	0	2	1	0	3	0	0
*	3p	-	58	10288	12446	12456	10495	45685	88	34	14	14	1	0	4	5	1	1	3	17	0	1	2	2	0	2	0	0	0
*	3p	-	59	9954	12635	12649	10038	45276	79	33	9	6	5	1	0	4	5	1	2	18	0	0	1	3	0	0	2	0	0
*	3p	-	60	9710	12659	12481	10036	44886	98	32	9	9	5	4	3	4	1	0	2	15	0	0	0	3	0	1	1	0	0
*	3p	-	61	10032	12330	12288	9863	44513	91	30	6	12	1	1	1	2	2	5	5	19	2	0	3	3	0	1	0	0	0
*	3p	-	62	9559	12187	12638	9700	44084	83	29	12	10	2	0	0	4	1	5	1	15	0	0	0	3	2	0	1	0	0
*	3p	-	63	9350	12435	12036	9864	43685	94	22	6	6	2	3	2	2	5	1	1	10	1	1	2	3	0	0	0	2	0
*	3p	-	64	9728	11869	11948	9683	43228	87	30	4	7	2	1	1	9	2	2	2	18	0	0	0	3	0	0	1	2	0
*	3p	-	65	9480	12028	11902	9374	42784	79	18	10	10	2	2	1	8	2	0	2	16	0	2	2	3	0	0	0	1	0
*	3p	-	66	9206	11919	11757	9445	42327	74	26	5	10	5	1	3	2	3	1	5	20	1	4	1	4	0	0	1	0	0
*	3p	-	67	9579	11485	11308	9468	41840	50	28	11	10	2	1	1	3	4	1	1	20	0	0	0	1	0	0	0	0	0
*	3p	-	68	9167	11707	11641	8854	41369	59	22	10	5	3	1	2	0	2	0	2	19	1	0	0	2	0	0	1	0	0
*	3p	-	69	8863	11691	11087	9191	40832	68	24	13	11	1	1	2	5	1	0	2	16	0	1	3	0	1	0	1	1	0
*	3p	-	70	9139	11089	11012	9066	40306	59	26	3	7	1	3	1	6	3	1	1	29	0	0	0	1	0	0	1	0	0
*	5p	+	1	10338	14137	9705	16584	50764	16	35	12	12	5	7	3	4	4	6	7	10	0	0	0	0	0	0	0	0	0
*	5p	+	2	11443	13009	12755	13557	50764	14	164	6	14	8	2	5	8	8	5	2	17	0	0	0	0	0	0	0	0	0
*	5p	+	3	11996	12827	13993	11948	50764	10	80	13	7	5	4	2	4	0	5	7	19	0	0	0	0	0	0	0	0	0
*	5p	+	4	11361	13741	13507	12154	50763	13	89	10	12	3	3	7	6	4	2	5	22	0	0	0	0	1	0	0	0	0
*	5p	+	5	11013	14056	14621	11069	50759	13	49	13	9	2	4	3	4	2	2	3	36	0	0	0	0	2	0	2	1	0
*	5p	+	6	11215	14825	14151	10567	50758	10	45	13	11	4	1	5	0	6	3	6	21	0	0	0	1	2	1	1	2	0
*	5p	+	7	11030	14276	13936	11522	50764	7	32	13	10	2	2	3	3	2	1	3	21	0	0	1	1	0	0	0	0	0
*	5p	+	8	10540	15247	13998	10976	50761	11	32	8	11	2	0	3	2	4	1	0	21	0	0	0	0	0	0	1	2	0
*	5p	+	9	10894	14478	14599	10791	50762	7	27	11	12	5	2	4	4	2	1	3	24	2	1	1	2	1	0	0	1	0
*	5p	+	10	11142	14347	14078	11196	50763	7	22	12	8	2	2	2	2	2	2	3	29	2	1	0	0	0	0	0	1	0
*	5p	+	11	10491	14874	14301	11095	50761	7	24	9	11	1	1	5	1	5	2	4	29	1	1	0	1	0	0	1	2	0
*	5p	+	12	11336	14140	14306	10981	50763	8	35	9	12	4	1	2	7	0	0	2	26	0	0	2	2	0	0	0	1	0
*	5p	+	13	11078	14330	13667	11688	50763	6	31	4	9	1	3	1	4	3	1	1	23	1	0	0	1	0	0	0	1	0
*	5p	+	14	10612	14681	14130	11340	50763	10	29	8	4	3	2	4	5	3	0	3	29	0	1	1	1	0	0	1	0	0
*	5p	+	15	11157	14260	14493	10852	50762	8	31	12	7	1	2	2	3	5	0	1	18	2	0	0	0	0	1	0	1	0
*	5p	+	16	11181	14228	13635	11719	50763	10	32	9	12	5	1	0	4	0	1	1	18	3	1	0	0	0	0	0	1	0
*	5p	+	17	10732	14436	14347	11247	50762	22	34	8	12	6	1	3	2	0	1	2	26	0	0	1	2	0	2	0	0	0
*	5p	+	18	11057	14258	14503	10945	50763	43	32	10	6	1	1	2	3	1	3	3	27	0	0	3	3	0	1	0	0	0
*	5p	+	19	11071	14219	13961	11508	50759	49	30	10	9	4	1	2	2	2	1	1	23	0	1	1	1	2	0	3	0	0
*	5p	+	20	10861	14821	14002	11075	50759	67	31	9	8	4	5	1	3	1	1	0	24	1	1	0	0	2	1	2	0	0
*	5p	+	21	11227	13958	14624	10952	50761	90	27	6	10	2	1	5	2	2	3	1	30	0	1	0	1	0	1	0	2	0
*	5p	+	22	11328	13936	13883	11615	50762	69	43	8	7	3	2	0	4	2	3	0	21	1	1	0	0	0	0	1	1	0
*	5p	+	23	10824	14428	14160	11348	50760	81	27	10	13	2	0	1	5	0	1	5	17	0	0	0	0	1	0	3	0	0
*	5p	+	24	11311	14045	14417	10987	50760	107	24	9	3	6	3	3	6	1	1	1	22	1	1	0	5	1	2	0	1	0
*	5p	+	25	11189	13850	14005	11713	50757	126	32	10	6	1	1	3	5	2	0	5	12	1	0	2	0	0	2	3	2	0
*	5p	+	26	10632	14605	14271	11249	50757	100	36	7	11	5	4	2	2	1	0	0	13	2	0	0	0	1	2	1	3	0
*	5p	+	27	11213	13960	14637	10948	50758	131	26	13	8	2	2	1	5	2	2	1	18	0	0	0	0	0	1	3	2	0
*	5p	+	28	11143	14111	13865	11644	50763	129	25	14	8	3	1	1	3	2	1	2	23	0	1	1	2	0	0	0	1	0
*	5p	+	29	10705	14624	14300	11134	50763	150	31	7	9	1	0	3	5	4	1	4	20	0	0	2	3	1	0	0	0	0
*	5p	+	30	11192	14013	14571	10987	50763	128	35	11	9	2	0	2	7	2	4	6	8	2	1	2	2	0	0	0	1	0
*	5p	+	31	11412	13820	13966	11563	50761	117	27	10	8	2	0	1	9	6	2	4	24	1	1	1	1	0	2	0	1	0
*	5p	+	32	10791	14389	14210	11368	50758	133	31	9	12	4	2	2	3	3	1	5	28	1	0	2	1	1	1	2	2	0
*	5p	+	33	11260	13934	14570	10997	50761	134	22	4	11	4	0	2	3	1	2	6	21	2	1	4	2	1	0	1	0	0
*	5p	+	34	11421	13977	13846	11515	50759	146	28	8	15	3	2	5	7	4	3	3	25	1	2	3	3	1	1	0	1	0
*	5p	+	35	10768	14488	14370	11136	50762	169	29	10	10	3	7	6	4	3	1	1	25	0	0	2	2	0	0	0	0	0
*	5p	+	36	11293	13793	14515	11076	50677	158	33	12	14	1	2	0	3	2	2	5	27	1	1	0	0	1	1	2	2	0
*	5p	+	37	11205	13769	13941	11671	50586	189	27	16	6	2	2	5	6	2	4	4	20	0	1	1	0	1	0	0	1	0
*	5p	+	38	10791	14334	14150	11194	50469	157	21	6	12	4	4	5	5	2	2	2	21	0	0	2	0	0	0	0	0	0
*	5p	+	39	11405	13712	14341	10883	50341	193	31	12	11	1	1	4	7	2	3	2	18	1	0	1	2	0	0	0	0	0
*	5p	+	40	11130	13685	13791	11592	50198	193	23	11	7	4	4	3	4	5	1	2	19	0	0	2	2	2	1	2	0	0
*	5p	+	41	10593	14222	14231	11019	50065	207	34	6	12	4	3	6	4	4	0	1	17	0	0	3	3	0	1	1	0	0
*	5p	+	42	11121	13683	14283	10828	49915	196	25	8	8	2	0	3	4	4	2	4	19	0	0	3	3	1	0	1	1	0
*	5p	+	43	11133	13710	13525	11378	49746	172	39	11	11	2	2	2	13	4	5	4	27	1	1	3	1	0	0	0	1	0
*	5p	+	44	10708	13987	13816	10996	49507	179	29	10	13	4	4	1	3	3	6	3	19	1	1	1	3	2	1	0	1	0
*	5p	+	45	11052	13515	14091	10661	49319	216	24	13	11	2	1	2	10	3	2	3	25	1	1	1	1	2	1	0	0	0
*	5p	+	46	11213	13282	13379	11234	49108	180	27	8	15	3	2	3	12	3	7	4	19	2	3	4	1	0	1	0	1	0
*	5p	+	47	10494	13612	13897	10838	48841	208	30	7	7	0	0	3	3	3	4	2	21	1	0	3	0	0	3	1	2	0
*	5p	+	48	10908	13269	13869	10541	48587	209	27	8	14	2	1	8	6	2	2	5	16	2	0	2	1	0	1	0	0	0
*	5p	+	49	10897	13174	13265	10994	48330	213	20	11	9	3	1	3	7	2	5	4	18	0	1	1	1	0	0	1	0	0
*	5p	+	50	10488	13623	13327	10609	48047	211	27	5	24	4	1	2	11	4	4	3	12	0	0	2	1	3	0	0	3	0
*	5p	+	51	10854	12888	13715	10300	47757	213	17	11	8	5	1	4	9	4	7	2	17	0	0	0	0	1	0	0	1	0
*	5p	+	52	10666	12807	13041	10952	47466	184	21	7	13	1	2	4	7	1	9	4	17	0	1	1	1	1	0	2	0	0
*	5p	+	53	10206	13233	13252	10465	47156	231	19	11	10	5	2	1	8	3	7	2	17	1	1	2	2	0	0	1	1	0
*	5p	+	54	10710	12583	13475	10049	46817	199	17	7	16	3	2	4	8	4	5	3	12	1	1	3	4	0	1	2	2	0
*	5p	+	55	10569	12566	12713	10670	46518	227	25	9	13	3	2	2	7	2	6	3	22	0	2	2	0	0	0	0	1	0
*	5p	+	56	10129	12841	13055	10169	46194	227	22	11	7	3	2	0	14	1	5	3	18	0	0	1	2	0	0	1	0	0
*	5p	+	57	10485	12314	12997	10007	45803	211	17	6	6	2	1	5	11	1	6	2	18	0	0	1	0	0	0	0	0	0
*	5p	+	58	10361	12236	12465	10349	45411	224	9	8	11	2	2	5	3	1	9	1	19	0	0	3	3	0	0	0	0	0
*	5p	+	59	9583	12788	12533	10116	45020	200	26	6	6	3	3	2	11	3	4	1	20	0	2	3	3	0	0	1	1	0
*	5p	+	60	9815	12262	12968	9614	44659	200	16	7	7	2	0	2	9	0	2	2	21	1	1	5	2	0	0	0	2	0
*	5p	+	61	9941	12139	12256	9919	44255	189	21	5	5	0	1	3	6	4	5	0	17	0	1	2	2	2	1	1	1	0
*	5p	+	62	9309	12321	12374	9867	43871	206	16	13	12	1	1	2	6	4	8	3	20	1	1	2	1	1	1	0	1	0
*	5p	+	63	9591	11819	12678	9359	43447	250	19	10	9	5	5	5	6	4	5	3	14	2	1	3	2	0	0	1	0	0
*	5p	+	64	9894	11616	11814	9668	42992	223	18	7	13	5	1	5	10	1	6	4	12	1	1	0	1	0	0	1	1	0
*	5p	+	65	9247	11878	11922	9497	42544	244	22	8	10	1	0	9	8	2	4	2	22	0	0	1	2	0	0	0	0	0
*	5p	+	66	9472	11408	12161	9019	42060	196	17	13	6	5	3	2	13	3	8	1	12	0	1	0	4	0	3	0	1	0
*	5p	+	67	9588	11261	11400	9319	41568	195	12	3	12	1	3	1	7	1	9	4	10	0	1	0	1	1	3	0	1	0
*	5p	+	68	8860	11450	11732	9051	41093	212	12	5	8	1	1	3	4	3	2	2	19	2	0	0	1	1	1	2	1	0
*	5p	+	69	9315	10827	11723	8682	40547	217	19	8	10	3	0	1	12	2	8	1	16	3	2	0	1	1	0	3	2	0
*	5p	+	70	9146	10706	11121	9068	40041	204	16	8	5	2	3	2	7	2	8	1	17	0	2	1	2	0	2	1	0	0
*	5p	-	1	10441	14244	9283	16932	50900	7	35	4	16	4	4	2	6	3	1	2	15	0	0	0	0	0	0	0	0	0
*	5p	-	2	11554	12850	12711	13785	50900	18	181	9	8	1	1	3	3	8	4	3	24	0	0	0	0	0	0	0	0	0
*	5p	-	3	11989	12748	14097	12066	50900	13	83	12	11	5	3	2	6	4	1	4	19	0	0	0	0	0	0	0	0	0
*	5p	-	4	11719	13842	13424	11915	50900	6	65	14	7	4	2	5	3	2	5	3	16	0	0	0	0	0	0	0	0	0
*	5p	-	5	11020	14090	14578	11212	50900	6	64	6	13	3	1	3	2	7	0	5	32	0	0	0	0	0	0	0	0	0
*	5p	-	6	11374	14811	14259	10456	50900	8	51	10	14	2	4	4	1	2	2	3	17	0	0	0	1	0	0	0	0	0
*	5p	-	7	11152	14076	13921	11751	50900	13	39	7	11	5	3	3	2	3	0	1	26	0	0	0	1	0	0	0	0	0
*	5p	-	8	10652	15447	13800	10999	50898	15	26	10	12	3	1	2	9	6	1	4	19	0	0	0	0	0	1	1	0	0
*	5p	-	9	10890	14607	14576	10826	50899	11	28	8	7	4	2	3	0	2	1	5	17	0	1	0	0	0	1	0	0	0
*	5p	-	10	11210	14581	13772	11336	50899	11	39	9	4	1	1	2	7	6	1	4	18	0	1	0	3	0	1	0	0	0
*	5p	-	11	10777	15034	13821	11266	50898	13	24	13	8	5	3	3	1	6	2	1	15	1	0	2	1	0	0	0	2	0
*	5p	-	12	11282	14457	14293	10865	50897	6	31	12	12	4	3	6	1	4	2	3	31	1	1	2	0	0	1	2	0	0
*	5p	-	13	11227	14193	13804	11674	50898	5	23	12	16	2	0	2	2	7	2	2	28	1	0	0	1	0	1	0	1	0
*	5p	-	14	10724	14771	14083	11319	50897	9	24	12	13	1	1	2	8	2	1	2	25	1	1	0	2	0	0	2	0	0
*	5p	-	15	11209	14471	14364	10853	50897	11	28	12	10	4	1	2	3	4	4	2	19	1	0	0	2	0	0	2	1	0
*	5p	-	16	11295	14132	13863	11606	50896	10	30	5	8	0	4	4	2	1	0	8	20	1	0	0	2	0	2	2	0	0
*	5p	-	17	10718	14844	14151	11182	50895	27	19	10	4	0	5	5	0	3	0	2	21	0	0	0	1	1	3	0	1	0
*	5p	-	18	11033	14457	14525	10882	50897	33	28	19	9	2	0	4	2	2	2	2	16	0	0	0	2	1	0	2	0	0
*	5p	-	19	11434	14180	13795	11488	50897	38	36	12	5	4	3	4	4	1	3	2	26	0	1	0	1	2	1	0	0	0
*	5p	-	20	10850	14525	14221	11301	50897	56	37	9	13	3	2	2	9	3	0	5	17	0	0	0	2	2	0	0	1	0
*	5p	-	21	11328	14115	14507	10948	50898	74	44	14	9	7	0	1	3	2	2	3	22	0	0	0	0	1	0	0	0	0
*	5p	-	22	11513	13968	13779	11636	50896	96	29	13	12	2	1	3	2	0	3	2	22	1	0	1	0	1	1	1	1	0
*	5p	-	23	10883	14588	13934	11493	50898	74	36	9	16	1	2	2	2	0	5	4	17	0	1	0	1	0	2	0	0	0
*	5p	-	24	11391	14270	14331	10905	50897	110	24	12	5	0	1	4	1	3	1	1	19	0	3	0	2	1	0	1	0	0
*	5p	-	25	11359	14103	13871	11567	50900	96	20	13	15	3	1	2	1	8	0	3	20	0	1	2	3	0	0	0	0	0
*	5p	-	26	10784	14518	14215	11381	50898	126	35	9	15	0	3	3	3	5	2	2	15	1	1	0	1	2	0	0	0	0
*	5p	-	27	11254	14188	14504	10951	50897	113	19	12	11	1	3	1	4	2	1	2	16	0	0	0	4	2	1	0	0	0
*	5p	-	28	11319	14067	13846	11665	50897	106	23	8	6	3	1	1	5	1	2	4	29	1	0	1	2	1	1	0	1	0
*	5p	-	29	10871	14622	14073	11330	50896	127	29	8	11	3	3	1	7	2	2	3	14	0	2	1	1	1	1	2	0	0
*	5p	-	30	11182	14027	14700	10989	50898	130	26	11	6	2	1	1	2	1	0	4	28	1	0	0	2	0	0	2	0	0
*	5p	-	31	11447	14061	13814	11575	50897	111	30	6	10	1	0	2	4	3	1	2	18	1	1	0	1	0	0	1	1	0
*	5p	-	32	10996	14458	14141	11301	50896	147	21	15	13	5	2	3	7	3	2	3	16	1	3	0	2	0	0	2	1	0
*	5p	-	33	11277	13912	14609	11096	50894	135	23	9	14	3	0	3	4	2	4	1	21	1	3	0	2	2	0	1	1	0
*	5p	-	34	11568	13880	13822	11625	50895	146	28	10	10	4	2	1	2	2	2	2	20	2	1	0	1	1	0	1	1	0
*	5p	-	35	10969	14554	14192	11181	50896	150	26	11	10	3	1	1	2	3	5	2	19	0	0	1	4	1	0	1	0	0
*	5p	-	36	11448	13961	14434	10973	50816	175	28	7	1	5	3	2	6	2	4	3	27	0	1	3	0	0	1	0	0	0
*	5p	-	37	11447	13836	13718	11714	50715	166	19	8	12	6	1	1	12	8	3	3	16	1	0	0	0	0	0	2	2	0
*	5p	-	38	10905	14339	14271	11102	50617	175	27	10	9	5	0	5	8	2	3	3	12	0	1	3	2	0	0	0	1	0
*	5p	-	39	11318	13952	14486	10744	50500	168	27	9	12	8	1	3	13	4	7	5	28	2	2	3	3	1	0	0	1	0
*	5p	-	40	11402	13782	13728	11450	50362	179	31	11	10	5	3	3	5	5	3	8	13	2	0	0	1	1	0	1	1	0
*	5p	-	41	10691	14310	14083	11149	50233	163	27	14	5	0	2	2	3	2	5	4	22	1	0	3	2	0	2	1	0	0
*	5p	-	42	11294	13773	14278	10723	50068	209	30	8	8	1	0	2	11	3	4	5	23	0	2	0	2	0	1	0	0	0
*	5p	-	43	11237	13754	13598	11279	49868	175	28	8	11	1	1	2	10	3	5	2	15	0	0	2	2	1	1	0	0	0
*	5p	-	44	10661	14038	13985	10982	49666	180	29	12	6	6	3	2	5	3	3	1	20	1	1	1	2	0	0	0	0	0
*	5p	-	45	11189	13363	14232	10669	49453	206	14	7	11	4	3	2	5	3	3	3	19	0	0	1	3	0	0	1	0	0
*	5p	-	46	11135	13248	13480	11397	49260	212	26	8	14	5	0	3	15	0	3	5	18	2	1	3	3	0	0	0	0	0
*	5p	-	47	10647	13720	13716	10959	49042	199	22	15	11	3	6	2	10	4	3	4	23	0	0	3	2	0	0	0	3	0
*	5p	-	48	11020	13440	13942	10410	48812	245	20	8	6	1	2	2	7	7	5	3	16	3	1	2	2	0	1	1	0	0
*	5p	-	49	11073	13146	13241	11108	48568	184	33	12	4	3	4	4	6	5	3	5	14	0	1	1	3	0	0	0	2	0
*	5p	-	50	10388	13567	13670	10641	48266	221	32	8	8	2	2	2	11	4	3	3	12	1	0	2	3	0	0	3	1	0
*	5p	-	51	10793	13114	13721	10360	47988	220	19	10	10	2	1	2	9	1	6	3	21	2	0	1	3	1	1	1	2	0
*	5p	-	52	10898	12939	12855	10987	47679	191	22	12	11	2	0	3	6	1	7	2	11	1	1	1	4	0	0	1	1	0
*	5p	-	53	10344	13344	13075	10627	47390	230	21	15	16	1	2	2	8	5	6	2	15	1	0	1	2	0	0	1	0	0
*	5p	-	54	10602	12756	13530	10180	47068	233	22	10	11	4	0	4	7	4	7	1	27	2	1	1	2	0	1	1	0	0
*	5p	-	55	10559	12838	12880	10468	46745	210	21	8	7	1	1	5	8	3	9	4	23	0	2	2	2	0	0	0	0	0
*	5p	-	56	10052	12989	13012	10342	46395	237	27	10	6	4	3	1	6	4	6	4	15	1	1	2	4	0	0	1	1	0
*	5p	-	57	10289	12437	13432	9889	46047	217	20	16	11	1	2	3	8	3	6	0	19	0	2	1	1	0	2	1	0	0
*	5p	-	58	10313	12465	12450	10456	45684	203	19	8	7	0	1	2	6	3	3	0	19	0	0	4	5	1	2	0	0	0
*	5p	-	59	9784	12627	12718	10145	45274	217	18	6	8	3	2	2	6	4	2	4	14	1	0	2	4	1	0	2	1	0
*	5p	-	60	10057	12112	12953	9763	44885	209	21	9	7	1	1	5	4	0	6	4	13	0	1	2	2	1	0	2	0	0
*	5p	-	61	10164	12098	12206	10046	44514	219	14	8	10	2	3	1	5	1	7	1	25	2	0	2	3	0	0	0	0	0
*	5p	-	62	9460	12462	12494	9670	44086	204	22	10	8	2	1	0	10	1	2	2	17	1	1	3	3	0	0	1	0	0
*	5p	-	63	9744	11872	12713	9355	43684	229	24	5	4	1	1	4	9	5	2	5	15	1	1	0	6	2	0	0	1	0
*	5p	-	64	9825	11774	11700	9930	43229	208	20	6	13	3	0	2	9	4	3	3	16	0	0	2	7	0	0	0	2	0
*	5p	-	65	9327	12007	12086	9361	42781	186	11	7	5	4	2	0	9	1	7	4	14	0	0	0	5	1	1	1	1	0
*	5p	-	66	9641	11523	12145	9018	42327	212	23	8	8	0	0	1	10	2	6	2	12	0	1	2	2	0	0	1	0	0
*	5p	-	67	9504	11478	11515	9340	41837	200	20	8	10	2	0	4	11	4	6	2	10	0	0	3	3	1	1	1	0	0
*	5p	-	68	9101	11652	11700	8915	41368	210	19	8	9	3	3	3	5	1	9	3	16	0	1	1	2	0	0	1	1	0
*	5p	-	69	9200	11225	11616	8791	40832	212	14	10	7	3	2	2	13	1	7	3	15	1	0	2	2	0	1	0	2	0
*	5p	-	70	9184	10967	11121	9033	40305	213	24	13	11	2	1	3	4	2	10	5	11	0	3	1	2	2	0	0	0	0
