# table produced by mapDamage version 2.0.3
# using mapped file tmp2.sam and /home/sam/Scratch/Databases/hg38Poinar/Hardmasked/hg38Hard.fasta as reference file
# Chr: reference from sam/bam header, End: from which termini of DNA sequences, Std: strand of reads
Chr	End	Std	Pos	A	C	G	T	Total	G>A	C>T	A>G	T>C	A>C	A>T	C>G	C>A	T>G	T>A	G>C	G>T	A>-	T>-	C>-	G>-	->A	->T	->C	->G	S
*	3p	+	1	298999	111147	189935	197538	797619	41820	160	215	504	85	111	60	192	67	218	57	74	0	0	0	0	0	0	0	0	5
*	3p	+	2	240599	141596	154555	262402	799152	21430	205	156	412	73	96	59	144	49	137	53	70	0	0	0	0	0	0	1	2	5
*	3p	+	3	243490	141377	164251	251767	800885	14550	158	168	267	53	90	52	177	61	116	39	83	0	0	0	0	1	1	1	5	5
*	3p	+	4	244053	146693	166037	245632	802415	10093	166	196	232	72	70	60	174	68	131	59	165	0	0	0	0	6	5	4	9	3
*	3p	+	5	241667	150478	162130	249358	803633	7928	167	154	211	47	71	89	181	64	336	49	146	0	0	0	0	10	4	10	11	0
*	3p	+	6	235832	152118	164035	252624	804609	6144	166	171	191	44	60	92	210	68	511	61	137	1	0	2	0	26	50	30	35	0
*	3p	+	7	245902	150113	163638	245566	805219	5482	152	172	208	40	53	87	208	49	600	52	143	4	6	4	8	63	66	39	47	0
*	3p	+	8	245027	147464	166421	246733	805645	4598	162	166	200	47	57	63	210	58	559	54	140	8	4	7	5	65	60	33	60	0
*	3p	+	9	247646	149832	164659	243783	805920	4083	158	177	181	45	43	80	248	55	642	59	132	16	22	19	9	47	50	39	48	0
*	3p	+	10	243579	152757	167139	242683	806158	3620	157	177	209	47	54	57	239	49	712	47	121	19	30	27	21	33	39	24	22	0
*	3p	+	11	245910	151621	165288	243490	806309	3554	156	169	161	50	51	54	246	43	771	60	139	12	54	35	22	33	31	9	17	0
*	3p	+	12	244582	152088	164281	245457	806408	3315	154	197	177	40	55	62	226	59	783	39	149	12	58	21	33	26	13	11	7	0
*	3p	+	13	246960	150992	164593	243904	806449	3129	158	191	153	53	49	60	182	62	559	37	148	23	67	42	30	22	17	5	5	0
*	3p	+	14	247273	151368	163227	244624	806492	3023	168	157	153	56	50	51	163	53	483	51	142	17	67	26	28	16	9	6	6	0
*	3p	+	15	247230	151275	164151	243839	806495	3020	151	149	161	52	48	66	147	38	350	34	134	25	53	29	25	15	13	5	7	0
*	3p	+	16	247106	153058	163595	242727	806486	2998	164	181	190	58	54	51	158	54	240	38	138	24	46	17	26	22	22	3	7	0
*	3p	+	17	246211	153008	163462	243815	806496	3186	169	171	174	54	65	46	174	50	220	44	149	24	47	14	16	23	10	5	8	0
*	3p	+	18	244988	153101	163945	244455	806489	3405	150	161	141	52	61	54	137	43	184	38	145	22	33	26	16	25	18	5	5	0
*	3p	+	19	246763	152763	163353	243614	806493	3449	193	153	162	34	36	50	138	44	168	35	138	24	42	13	27	26	19	2	2	0
*	3p	+	20	245492	153404	163898	243707	806501	3467	150	188	172	52	51	59	142	41	175	51	136	20	41	23	23	16	17	3	6	0
*	3p	+	21	246611	152117	164128	243631	806487	3587	167	177	156	41	49	59	122	39	143	39	126	31	29	18	23	27	17	7	6	0
*	3p	+	22	247423	151170	164033	243867	806493	3606	194	164	189	41	51	45	97	59	132	49	133	22	29	15	28	17	28	4	2	0
*	3p	+	23	248274	151514	162547	244150	806485	3493	194	175	175	51	53	64	138	54	147	46	160	15	30	25	22	28	13	10	8	0
*	3p	+	24	248776	151820	163033	242870	806499	3545	177	148	186	52	46	57	120	50	151	47	121	15	41	22	13	24	9	7	5	0
*	3p	+	25	247974	152310	162885	243310	806479	3550	219	163	174	36	57	53	138	30	131	38	175	20	30	16	11	21	30	6	8	0
*	3p	+	26	247537	152188	162306	244470	806501	3409	205	157	167	42	58	53	118	46	141	46	162	31	36	14	25	16	21	4	2	0
*	3p	+	27	247386	153140	162219	243749	806494	3418	232	156	155	36	41	46	109	37	138	28	165	17	35	16	20	18	20	4	8	0
*	3p	+	28	246024	153962	162451	244070	806507	3379	228	143	205	40	53	39	144	35	111	32	179	26	26	13	17	15	14	5	3	0
*	3p	+	29	246671	153536	162563	243719	806489	3296	244	170	159	47	60	58	110	42	122	35	159	29	29	16	17	22	20	10	2	0
*	3p	+	30	246245	153818	163505	242918	806486	3284	222	153	178	43	54	54	97	30	114	46	153	28	32	11	16	20	19	13	5	0
*	3p	+	31	246651	153037	162885	243911	806484	3183	246	164	134	40	42	51	101	48	110	47	157	33	37	17	27	25	22	8	4	0
*	3p	+	32	246561	152884	163243	243802	806490	3094	253	156	195	46	44	50	93	41	104	26	140	26	37	14	16	23	19	7	3	0
*	3p	+	33	247310	152875	162428	243868	806481	3131	241	129	159	37	53	43	108	36	100	42	157	26	26	13	17	25	18	12	4	0
*	3p	+	34	247151	152621	162135	244565	806472	2947	225	156	193	64	46	53	96	36	109	52	184	21	25	14	20	22	18	16	3	0
*	3p	+	35	247435	152640	161497	244902	806474	2953	241	151	187	52	52	51	114	32	104	35	151	20	28	7	17	16	26	6	5	0
*	3p	+	36	246477	153478	160503	245699	806157	2773	293	148	146	48	44	42	121	56	108	42	181	28	31	13	16	30	25	10	9	0
*	3p	+	37	245996	153702	160882	245235	805815	2692	266	162	171	41	57	51	109	52	99	39	172	17	29	9	16	22	26	5	4	0
*	3p	+	38	246287	154630	160351	244129	805397	2673	288	182	188	40	43	50	100	41	99	43	169	26	29	18	14	23	21	6	8	0
*	3p	+	39	245768	154464	160370	244286	804888	2640	299	144	172	39	43	35	76	35	95	51	190	27	24	17	13	23	26	9	5	0
*	3p	+	40	245194	154114	160736	244278	804322	2673	269	139	166	35	50	40	85	44	86	40	156	18	23	22	12	24	22	7	3	0
*	3p	+	41	245543	153673	160855	243560	803631	2399	267	165	157	52	54	49	76	36	99	47	155	25	26	21	14	30	25	8	1	0
*	3p	+	42	246006	153236	161050	242604	802896	2539	311	144	160	44	35	38	88	41	88	39	174	31	29	8	5	25	21	6	8	0
*	3p	+	43	245350	153327	159816	243464	801957	2342	283	167	156	49	47	51	79	47	73	45	164	31	27	8	16	28	26	3	7	0
*	3p	+	44	245322	153267	158769	243553	800911	2208	337	156	153	44	55	40	87	49	82	59	164	29	19	12	14	29	17	7	10	0
*	3p	+	45	245050	152911	158095	243701	799757	2250	363	140	150	38	52	45	81	45	94	41	179	29	16	11	16	30	21	4	9	0
*	3p	+	46	244679	152125	157256	244381	798441	2125	327	148	162	32	53	36	72	48	76	37	148	24	20	16	14	25	18	9	7	0
*	3p	+	47	244222	152432	157031	243324	797009	2079	298	161	147	35	52	39	77	32	72	36	163	20	29	8	11	12	26	5	5	0
*	3p	+	48	242998	152086	157093	243143	795320	2010	327	139	159	35	52	46	91	31	78	36	194	21	30	12	19	21	27	8	6	0
*	3p	+	49	242318	152442	155998	242659	793417	1927	318	162	153	44	44	49	85	50	84	35	169	22	27	9	12	26	23	7	7	0
*	3p	+	50	241760	152017	156207	241378	791362	1930	340	165	168	33	52	35	84	40	85	38	193	27	36	10	16	19	26	6	6	0
*	3p	+	51	241595	151300	155288	240793	788976	1757	310	147	168	40	56	55	69	33	77	44	189	29	26	5	12	23	25	9	4	0
*	3p	+	52	240683	150447	154915	240393	786438	1826	309	163	147	37	54	50	73	29	70	46	185	29	21	9	12	28	25	7	5	0
*	3p	+	53	240245	149842	153657	239875	783619	1679	340	138	159	32	55	45	46	45	70	36	202	20	22	5	22	21	29	6	7	0
*	3p	+	54	238734	149145	152765	239962	780606	1682	320	135	138	54	48	43	74	44	52	32	207	31	26	9	10	25	25	8	9	0
*	3p	+	55	238620	148215	151438	238962	777235	1578	358	120	155	30	40	40	57	39	69	43	203	28	24	9	13	27	23	8	6	0
*	3p	+	56	237759	147260	150628	238063	773710	1520	357	139	169	53	41	37	55	61	51	35	201	25	13	12	14	22	15	9	5	0
*	3p	+	57	235735	147190	149140	237835	769900	1423	339	144	138	50	55	45	71	37	67	22	187	26	24	9	8	23	24	7	8	0
*	3p	+	58	234932	146013	148152	236734	765831	1372	350	147	148	39	51	45	69	44	65	37	176	19	23	8	12	19	23	8	8	0
*	3p	+	59	232692	145719	147485	235387	761283	1406	360	151	161	34	45	34	52	34	70	42	169	20	23	13	7	28	21	7	9	0
*	3p	+	60	231557	144804	145934	234117	756412	1301	329	142	174	36	60	36	62	42	68	43	165	21	20	9	10	24	21	9	7	0
*	3p	+	61	230967	143268	145458	231517	751210	1235	353	144	138	41	57	44	55	49	68	36	173	23	22	7	9	23	19	1	9	0
*	3p	+	62	229067	141716	143772	231093	745648	1143	365	142	137	45	41	38	68	43	66	32	186	15	24	10	12	24	19	7	7	0
*	3p	+	63	227904	140420	143008	228492	739824	1196	368	172	141	38	51	45	60	57	53	46	182	15	19	6	10	12	14	10	4	0
*	3p	+	64	226034	139024	141236	227197	733491	1137	371	134	159	32	39	37	58	34	40	49	153	15	21	11	10	21	29	5	9	0
*	3p	+	65	223623	137874	139535	225822	726854	1031	357	140	145	38	43	36	52	36	62	51	177	17	28	5	9	18	17	8	6	0
*	3p	+	66	221580	136389	137855	224087	719911	1000	330	145	137	38	37	42	55	35	44	46	191	20	21	4	8	27	16	7	7	0
*	3p	+	67	219564	135109	136059	221698	712430	930	337	141	143	39	43	36	42	44	47	37	194	17	16	4	12	25	13	6	5	0
*	3p	+	68	217490	133517	133693	219865	704565	923	413	147	131	36	45	45	50	32	47	36	165	22	23	10	9	16	19	8	6	0
*	3p	+	69	215508	132087	132260	216524	696379	860	412	131	139	39	49	46	31	34	55	38	178	24	23	6	12	22	10	12	4	0
*	3p	+	70	212443	130356	130230	214737	687766	814	360	114	147	40	44	19	51	32	59	26	160	16	20	6	11	11	25	11	5	0
*	3p	-	1	299694	111229	190203	197675	798801	42016	157	189	464	95	101	49	202	88	197	47	104	0	0	0	0	0	0	0	0	6
*	3p	-	2	241733	141066	155034	262530	800363	21758	166	176	383	77	95	57	118	74	124	46	89	0	0	0	0	5	11	9	5	6
*	3p	-	3	244807	141381	164060	251860	802108	14402	159	185	284	69	98	57	180	68	104	45	115	1	0	1	0	17	19	13	12	5
*	3p	-	4	244122	146569	166747	246168	803606	10075	158	178	225	63	58	69	171	46	131	46	168	0	0	2	1	32	43	20	24	1
*	3p	-	5	242957	150206	163173	248444	804780	7806	182	165	233	57	50	103	215	50	313	60	151	4	3	2	1	44	53	21	27	0
*	3p	-	6	234504	152086	165668	253462	805720	6309	167	199	192	62	63	84	206	64	548	57	144	9	10	4	9	53	65	37	52	0
*	3p	-	7	246561	149994	163241	246487	806283	5563	170	167	209	64	57	66	220	46	612	57	145	22	23	10	10	60	63	32	35	0
*	3p	-	8	244602	148072	166508	247514	806696	4680	160	176	161	64	50	87	210	56	556	51	156	27	22	22	10	65	51	26	40	0
*	3p	-	9	248365	150366	165466	242800	806997	4088	179	171	189	45	59	82	243	45	694	51	154	18	51	24	20	35	48	19	29	0
*	3p	-	10	244294	151933	167658	243304	807189	3688	146	176	186	35	42	61	270	48	753	52	152	20	63	27	35	45	38	16	23	0
*	3p	-	11	245748	152096	166479	243013	807336	3422	141	137	161	49	54	68	250	46	751	57	134	27	71	30	33	34	29	13	10	0
*	3p	-	12	244340	152390	165261	245452	807443	3310	171	166	162	44	55	73	226	71	692	39	138	36	71	32	25	27	16	4	8	0
*	3p	-	13	247951	151464	164616	243457	807488	3174	170	165	163	62	42	61	211	41	651	64	124	37	69	27	22	23	20	8	5	0
*	3p	-	14	246954	151049	164534	244964	807501	3279	158	165	144	42	53	68	174	45	487	48	120	23	53	24	35	31	20	5	3	0
*	3p	-	15	247780	151473	165541	242725	807519	3133	167	152	170	49	48	64	158	42	359	53	124	32	40	19	24	24	11	8	4	0
*	3p	-	16	247380	153026	163979	243145	807530	3124	190	175	166	52	56	64	132	56	289	44	115	33	41	18	22	18	14	3	6	0
*	3p	-	17	246742	153368	163808	243604	807522	3315	153	169	173	43	42	58	124	38	204	44	142	18	42	24	15	19	21	8	2	0
*	3p	-	18	246335	152806	164671	243691	807503	3262	167	190	183	43	50	54	133	48	200	56	166	31	26	22	20	27	34	3	6	0
*	3p	-	19	247224	152939	163865	243483	807511	3381	199	151	176	50	42	57	144	52	164	48	166	24	30	17	23	23	24	7	9	0
*	3p	-	20	246901	152776	163888	243955	807520	3469	186	171	166	28	43	37	130	40	163	47	149	32	40	17	25	22	24	3	4	0
*	3p	-	21	246674	153006	164434	243409	807523	3589	193	174	165	46	50	46	155	38	151	56	154	19	33	21	15	21	21	4	5	0
*	3p	-	22	248366	151470	164165	243501	807502	3696	190	172	175	50	57	49	122	55	153	39	143	26	36	11	21	29	25	5	12	0
*	3p	-	23	248959	151635	163944	242981	807519	3529	187	163	178	44	50	61	120	50	144	49	152	27	30	27	28	27	19	2	6	0
*	3p	-	24	248763	151986	163668	243108	807525	3553	209	173	155	38	53	67	143	51	143	45	167	27	35	11	20	22	18	5	4	0
*	3p	-	25	249125	152023	163504	242850	807502	3434	201	149	168	48	43	50	126	42	132	44	155	27	34	14	28	37	18	7	9	0
*	3p	-	26	247723	152402	163210	244168	807503	3355	232	146	202	38	51	55	108	53	140	34	142	28	33	27	19	35	22	8	6	0
*	3p	-	27	248298	153142	162246	243840	807526	3430	236	157	182	45	51	41	131	53	121	42	161	23	37	17	30	19	13	8	6	0
*	3p	-	28	247317	154065	162384	243753	807519	3346	235	139	185	42	40	54	119	38	140	43	147	24	32	19	25	21	21	2	9	0
*	3p	-	29	246880	153225	164046	243355	807506	3331	219	164	141	35	49	58	106	40	139	45	159	28	42	12	24	23	29	8	7	0
*	3p	-	30	247202	153488	163842	242979	807511	3232	249	174	176	51	50	43	100	35	108	36	152	27	41	18	19	20	31	4	8	0
*	3p	-	31	246808	153766	163892	243052	807518	3236	269	139	158	40	40	55	116	43	132	46	153	27	28	21	21	24	18	4	5	0
*	3p	-	32	246940	152880	163822	243859	807501	3208	241	144	172	51	53	50	109	48	119	46	186	25	22	19	24	19	31	12	5	0
*	3p	-	33	247663	153619	163090	243148	807520	3059	248	165	177	34	48	46	116	44	120	36	165	23	32	10	15	13	19	7	7	0
*	3p	-	34	247181	153126	163186	244022	807515	3114	265	193	166	38	45	44	108	34	113	55	179	19	29	11	16	17	16	7	8	0
*	3p	-	35	247649	152849	162448	244559	807505	2966	288	151	157	36	48	51	101	40	118	65	184	24	39	10	14	22	20	5	6	0
*	3p	-	36	247267	153651	161316	244947	807181	2913	275	171	174	48	49	47	117	61	111	44	156	33	24	12	16	27	24	9	6	0
*	3p	-	37	247106	154535	161183	243967	806791	2781	282	157	151	43	46	32	103	40	98	33	181	20	31	11	18	20	20	13	7	0
*	3p	-	38	245968	154111	161441	244840	806360	2687	282	166	165	33	51	54	94	46	96	30	181	27	25	11	12	20	22	8	8	0
*	3p	-	39	245640	154372	161366	244471	805849	2767	268	146	155	48	46	39	87	33	108	47	185	25	30	17	11	20	24	2	10	0
*	3p	-	40	246131	154305	161325	243498	805259	2572	332	149	193	41	29	39	84	54	111	39	179	29	37	15	17	23	17	5	2	0
*	3p	-	41	245776	153741	161430	243606	804553	2512	275	146	160	52	43	52	90	38	101	48	196	18	25	8	13	24	21	9	5	0
*	3p	-	42	245173	153448	161445	243694	803760	2533	286	152	166	45	40	53	79	33	89	47	148	20	25	5	19	30	24	5	1	0
*	3p	-	43	245932	152837	160229	243857	802855	2379	305	160	164	45	48	48	103	33	87	45	163	26	30	10	15	25	19	7	3	0
*	3p	-	44	246017	153288	159493	242957	801755	2360	313	148	148	41	56	27	74	35	99	29	196	24	24	15	8	21	15	7	5	0
*	3p	-	45	244893	152802	159240	243627	800562	2221	315	153	171	30	49	49	82	39	100	45	188	17	24	11	19	13	22	13	8	0
*	3p	-	46	245126	152358	158055	243688	799227	2155	321	152	145	34	41	44	82	38	66	37	170	21	19	4	11	24	19	6	9	0
*	3p	-	47	244881	152136	157118	243549	797684	2116	337	137	157	45	59	54	69	51	82	49	193	28	23	6	17	21	20	7	10	0
*	3p	-	48	243067	152634	157288	243009	795998	1996	325	156	162	44	48	35	76	54	65	38	182	14	26	8	19	21	26	7	8	0
*	3p	-	49	243319	152009	155865	242915	794108	1917	323	147	175	37	58	43	67	48	90	33	183	20	18	10	16	28	21	10	5	0
*	3p	-	50	242187	152083	156182	241493	791945	1816	316	147	145	37	51	54	68	26	74	35	160	22	15	13	18	27	14	9	11	0
*	3p	-	51	240841	151777	156385	240634	789637	1863	376	144	160	36	47	37	73	31	67	39	171	18	38	11	15	22	18	3	8	0
*	3p	-	52	240493	150187	155347	241011	787038	1789	321	160	160	37	41	43	61	38	72	47	145	23	24	10	10	22	19	4	6	0
*	3p	-	53	239884	149638	154112	240568	784202	1673	335	164	168	37	55	41	73	27	66	51	167	21	20	16	13	21	27	6	6	0
*	3p	-	54	238553	149361	152614	240703	781231	1618	350	164	148	36	52	34	75	41	64	44	172	23	25	12	9	24	17	9	7	0
*	3p	-	55	238472	148471	151641	239293	777877	1605	363	155	154	40	45	38	63	38	59	37	175	21	20	5	8	18	17	8	8	0
*	3p	-	56	236637	147806	151096	238726	774265	1602	344	153	157	29	49	42	68	45	83	45	165	21	23	9	18	23	11	4	7	0
*	3p	-	57	235898	146477	149832	238056	770263	1415	368	126	147	49	53	39	57	43	75	37	170	18	20	10	10	16	21	6	13	0
*	3p	-	58	234761	145856	148640	236869	766126	1416	364	162	178	34	45	49	60	48	64	30	180	22	22	4	9	35	31	5	6	0
*	3p	-	59	233950	146071	147218	234438	761677	1380	370	156	154	42	37	43	67	26	68	42	184	23	22	9	9	19	28	8	11	0
*	3p	-	60	232378	144412	146346	233779	756915	1349	346	122	158	44	41	43	69	38	58	49	203	10	20	10	13	12	12	6	11	0
*	3p	-	61	230920	143235	145615	231909	751679	1205	345	121	161	38	52	43	53	39	66	35	186	22	22	5	5	21	9	4	5	0
*	3p	-	62	228877	142186	144602	230449	746114	1153	351	143	161	33	42	36	70	53	55	38	185	12	9	6	6	15	10	4	2	0
*	3p	-	63	227506	140269	142994	229439	740208	1173	386	129	141	28	50	32	54	42	55	46	192	19	10	5	13	10	14	9	1	0
*	3p	-	64	226224	138516	142137	226951	733828	1127	387	138	150	39	39	43	64	32	65	33	164	15	12	9	7	16	14	3	5	0
*	3p	-	65	224505	137006	140243	225351	727105	1061	346	168	156	31	39	33	55	34	57	22	175	13	17	7	11	14	11	5	5	0
*	3p	-	66	221960	135798	138011	224245	720014	959	354	126	117	39	53	21	48	32	49	46	161	12	9	6	9	21	11	4	0	0
*	3p	-	67	219881	134807	136011	221882	712581	969	377	149	140	41	53	42	51	36	57	35	164	18	14	4	8	19	12	8	4	0
*	3p	-	68	218132	132863	134160	219513	704668	942	363	110	144	29	53	26	57	34	66	38	169	14	21	5	5	18	13	4	5	0
*	3p	-	69	214951	132009	131906	217566	696432	907	357	128	145	31	38	32	48	33	57	40	163	13	12	8	8	11	16	4	3	0
*	3p	-	70	212562	130436	130305	214383	687686	829	348	136	130	41	38	40	45	36	57	32	179	12	13	9	6	7	14	5	6	0
*	5p	+	1	206666	152338	117458	321653	798115	155	2311	132	188	77	137	33	56	56	95	55	154	0	0	0	0	0	0	0	0	7
*	5p	+	2	261330	137015	155144	246143	799632	167	1790	240	162	62	95	47	71	46	78	41	217	0	0	0	0	9	7	4	6	7
*	5p	+	3	255430	149083	148232	248555	801300	156	1288	183	155	36	59	43	52	51	85	50	256	0	0	0	0	16	16	7	12	3
*	5p	+	4	248264	154082	154846	245573	802765	135	1049	173	177	38	57	41	49	38	59	47	182	1	0	0	0	25	18	22	18	1
*	5p	+	5	248461	155468	157886	242281	804096	123	818	164	155	40	57	39	54	48	49	56	261	5	5	1	2	47	40	27	26	0
*	5p	+	6	252702	159343	157549	235517	805111	160	586	168	154	43	49	34	46	41	56	51	210	13	9	6	2	40	36	29	20	0
*	5p	+	7	246482	157992	154320	246952	805746	129	499	142	161	37	47	34	57	40	49	40	246	9	9	3	2	21	27	15	16	0
*	5p	+	8	246926	161006	153742	244466	806140	154	426	151	174	45	36	46	45	32	41	36	233	16	17	3	4	22	18	11	13	0
*	5p	+	9	242732	161154	155664	246773	806323	119	370	153	160	32	45	33	44	49	45	51	234	10	16	3	2	14	20	6	13	0
*	5p	+	10	242981	162975	157051	243426	806433	130	371	130	153	56	37	42	36	51	42	40	209	15	8	4	3	11	29	7	4	0
*	5p	+	11	243357	161484	156957	244694	806492	137	372	169	178	34	40	39	42	48	57	52	219	7	17	0	5	6	14	3	2	0
*	5p	+	12	244978	160253	157602	243663	806496	143	348	148	152	37	44	45	40	41	39	47	229	16	15	3	6	12	15	7	2	0
*	5p	+	13	243038	160698	156248	246524	806508	136	375	168	150	33	46	39	42	29	31	36	203	14	16	13	7	8	14	1	5	0
*	5p	+	14	244016	160170	156349	245950	806485	132	333	132	157	37	54	39	41	40	31	41	232	13	19	5	4	17	27	5	8	0
*	5p	+	15	243150	160548	156399	246409	806506	140	361	141	161	33	40	34	38	31	43	53	200	11	22	10	9	11	18	6	3	0
*	5p	+	16	241670	159951	157427	247443	806491	162	336	149	170	50	39	36	44	40	36	37	194	19	14	7	5	21	25	2	4	0
*	5p	+	17	242489	159816	158072	246121	806498	153	364	134	152	33	38	43	45	41	45	35	204	19	20	2	4	17	17	7	4	0
*	5p	+	18	243097	159842	158127	245425	806491	205	366	155	159	39	45	32	38	48	45	37	204	21	19	3	8	26	20	2	4	0
*	5p	+	19	244013	158496	158110	245886	806505	246	339	125	160	43	32	33	32	43	31	46	189	20	14	5	7	18	13	6	2	0
*	5p	+	20	243309	158865	158440	245890	806504	365	351	144	167	31	47	28	35	42	42	40	213	17	24	8	12	16	15	7	2	0
*	5p	+	21	243831	159158	158192	245325	806506	466	401	163	162	30	42	50	40	39	34	31	169	21	24	2	7	15	17	4	2	0
*	5p	+	22	242689	159517	157405	246891	806502	590	359	140	161	58	31	32	45	40	42	49	173	23	24	4	4	19	18	2	3	0
*	5p	+	23	242672	159073	157023	247722	806490	728	406	161	153	36	44	41	52	22	46	46	225	15	21	10	7	24	17	7	6	0
*	5p	+	24	243203	157626	157432	248249	806510	905	403	154	146	43	47	34	37	35	47	34	215	20	20	7	8	13	14	2	5	0
*	5p	+	25	243035	157907	157954	247607	806503	1035	347	146	159	33	40	46	40	40	46	40	215	20	27	9	12	17	14	5	4	0
*	5p	+	26	243601	157552	158531	246815	806499	1130	342	159	162	40	56	45	47	52	51	41	186	15	17	13	13	17	19	6	2	0
*	5p	+	27	243228	157466	159028	246770	806492	1227	359	172	159	47	44	40	62	48	55	37	207	29	19	17	15	17	23	7	5	0
*	5p	+	28	243500	157310	159426	246251	806487	1384	376	128	153	45	56	47	58	34	45	44	237	24	26	5	15	25	17	4	11	0
*	5p	+	29	243052	157689	159569	246180	806490	1509	315	160	156	51	59	44	55	32	40	33	185	25	24	8	17	30	17	5	0	0
*	5p	+	30	242325	158432	159623	246115	806495	1556	319	160	155	38	42	38	61	33	41	34	206	21	21	7	11	21	14	6	6	0
*	5p	+	31	243290	158176	159471	245559	806496	1627	301	140	166	47	61	44	69	47	59	53	199	16	23	7	9	22	14	6	5	0
*	5p	+	32	243549	157114	158742	247081	806486	1662	313	153	137	42	51	37	63	41	52	35	202	21	21	14	9	19	24	8	5	0
*	5p	+	33	243296	156922	159483	246777	806478	1742	321	169	162	30	51	43	65	33	41	39	210	26	27	12	10	25	23	7	5	0
*	5p	+	34	243874	156981	158641	246982	806478	1793	344	162	171	50	53	43	64	34	49	47	192	19	35	12	13	23	16	7	9	0
*	5p	+	35	243599	156424	159006	247442	806471	1961	323	160	179	46	60	36	75	47	50	40	197	22	31	14	12	15	19	15	9	0
*	5p	+	36	244195	155592	160124	246263	806174	2055	328	154	176	35	50	47	50	34	60	50	197	20	21	9	18	27	19	5	3	0
*	5p	+	37	244344	154889	159763	246827	805823	2059	314	156	184	45	47	42	69	41	44	27	209	21	24	11	16	16	21	5	1	0
*	5p	+	38	244233	154951	160547	245668	805399	2102	284	161	175	37	41	44	68	45	46	50	191	23	35	10	13	24	19	7	6	0
*	5p	+	39	243958	155389	160406	245146	804899	2246	309	165	162	55	64	50	90	54	80	42	228	26	32	10	11	19	22	9	6	0
*	5p	+	40	243721	155459	159230	245918	804328	2252	281	139	174	39	46	50	75	39	67	47	191	26	25	20	17	25	15	3	5	0
*	5p	+	41	243194	154755	159510	246186	803645	2363	337	155	193	44	55	36	71	42	78	43	190	29	22	7	23	27	11	9	4	0
*	5p	+	42	243597	155275	159301	244728	802901	2424	309	142	144	43	50	44	64	48	74	41	212	25	19	7	10	23	22	6	4	0
*	5p	+	43	243255	154143	158741	245824	801963	2431	309	150	160	56	57	44	73	39	84	45	178	29	19	14	19	24	26	5	8	0
*	5p	+	44	243749	153414	159244	244517	800924	2517	285	156	203	38	51	50	89	38	76	37	187	33	26	5	21	23	21	10	5	0
*	5p	+	45	243809	152275	158732	244947	799763	2645	298	172	157	49	51	39	92	38	59	43	162	22	24	10	13	19	28	12	11	0
*	5p	+	46	243545	151900	158705	244299	798449	2644	287	135	162	43	52	64	80	46	88	54	161	30	29	16	17	15	31	5	6	0
*	5p	+	47	243442	151657	158134	243783	797016	2685	271	144	168	39	56	45	97	39	64	45	165	25	27	11	19	16	18	3	2	0
*	5p	+	48	243565	151717	157369	242684	795335	2750	298	151	157	45	55	57	72	39	78	39	159	28	27	11	15	24	15	11	7	0
*	5p	+	49	243228	150127	157611	242478	793444	2817	279	151	153	31	54	41	88	39	77	45	166	16	26	9	22	20	26	1	2	0
*	5p	+	50	241239	150044	157810	242262	791355	2905	248	172	174	42	48	57	75	28	82	42	174	26	32	11	12	21	28	6	6	0
*	5p	+	51	241878	149998	156158	240944	788978	2980	245	138	181	44	37	54	87	34	80	32	154	22	25	9	18	22	28	5	8	0
*	5p	+	52	239944	149130	156124	241252	786450	3050	234	159	152	37	44	48	81	54	94	37	173	24	18	13	22	30	26	3	4	0
*	5p	+	53	239893	147570	155300	240863	783626	2988	240	153	196	36	46	56	106	46	111	36	161	27	27	8	13	24	24	14	8	0
*	5p	+	54	239147	147666	154704	239087	780604	3134	242	151	154	50	39	56	119	45	108	43	169	27	31	19	10	25	31	6	4	0
*	5p	+	55	239312	146875	152948	238124	777259	3078	273	158	162	40	49	51	103	55	83	35	161	28	31	17	14	23	20	3	4	0
*	5p	+	56	238587	145543	152015	237580	773725	3314	223	145	155	45	46	51	89	52	107	40	155	26	33	6	20	20	24	3	7	0
*	5p	+	57	237556	144609	151400	236348	769913	3346	240	159	161	36	48	44	87	41	121	38	149	23	26	11	17	16	23	12	6	0
*	5p	+	58	236534	143197	150213	235885	765829	3288	220	129	162	41	52	34	96	28	105	33	157	26	30	14	21	24	18	4	16	0
*	5p	+	59	234837	142036	150703	233670	761246	3351	209	160	143	40	43	65	96	41	121	28	142	26	32	14	16	28	21	11	9	0
*	5p	+	60	233325	140927	149100	233017	756369	3328	236	161	147	43	40	54	93	40	113	57	160	27	30	12	12	25	23	9	5	0
*	5p	+	61	231402	139991	148020	231726	751139	3441	231	134	166	51	60	48	104	34	129	36	138	26	25	17	20	28	22	9	9	0
*	5p	+	62	230092	138701	146917	229858	745568	3385	238	140	159	39	40	51	104	27	128	30	156	22	33	22	20	30	16	7	11	0
*	5p	+	63	228723	137882	144967	228098	739670	3415	225	147	156	45	54	34	104	42	134	35	136	23	20	12	19	31	30	10	13	0
*	5p	+	64	227217	135961	143478	226687	733343	3471	201	164	158	38	52	46	108	49	133	30	138	12	25	14	22	36	22	5	13	0
*	5p	+	65	225701	134282	142402	224302	726687	3508	204	155	136	32	43	54	116	38	156	46	140	17	27	16	16	31	20	7	9	0
*	5p	+	66	224199	132712	140884	221956	719751	3511	197	143	183	44	51	48	140	35	166	36	121	16	33	6	18	16	20	6	12	0
*	5p	+	67	221806	130552	139586	220303	712247	3613	165	132	169	40	51	40	105	34	145	50	145	23	29	12	11	16	28	7	12	0
*	5p	+	68	219515	128628	137916	218352	704411	3596	160	125	170	30	58	37	110	46	151	44	143	22	26	15	12	21	24	6	11	0
*	5p	+	69	216706	127701	136607	215220	696234	3741	209	111	164	49	54	35	111	40	169	38	126	18	28	16	22	23	22	7	5	0
*	5p	+	70	214765	125775	134078	213016	687634	3700	183	101	162	41	67	47	125	37	165	46	128	18	25	19	14	20	32	8	11	0
*	5p	-	1	205805	153485	118161	321768	799219	163	2318	138	166	78	147	46	71	55	90	54	140	0	0	0	0	0	0	0	0	0
*	5p	-	2	260911	136378	156036	247415	800740	173	1835	219	140	55	68	40	67	71	97	31	196	0	0	0	0	2	0	0	1	0
*	5p	-	3	256893	149001	148554	247881	802329	177	1279	161	176	66	74	38	60	52	86	44	244	0	0	0	0	4	2	2	1	0
*	5p	-	4	248713	153815	155665	245636	803829	158	1091	180	141	44	74	30	41	57	63	45	181	0	0	0	0	4	3	5	3	0
*	5p	-	5	247934	155526	157974	243692	805126	132	806	167	148	47	62	39	54	54	55	45	290	1	0	3	0	38	28	19	23	0
*	5p	-	6	252385	159202	158038	236519	806144	158	614	139	161	53	44	25	56	40	74	47	227	0	5	3	1	31	25	32	32	0
*	5p	-	7	247012	157269	155625	246892	806798	147	525	151	169	44	48	39	33	34	47	51	232	0	10	8	1	29	21	31	15	0
*	5p	-	8	247024	161449	154288	244422	807183	132	414	156	157	51	43	29	43	29	53	40	213	3	11	7	4	20	9	18	9	0
*	5p	-	9	243139	160728	156574	246934	807375	133	378	145	170	41	32	39	35	40	36	50	231	5	5	3	2	11	18	6	7	0
*	5p	-	10	242970	162991	157963	243537	807461	122	378	164	147	38	58	31	37	28	48	35	225	1	2	1	4	12	11	5	9	0
*	5p	-	11	243639	161467	157141	245270	807517	151	320	153	148	38	47	29	33	49	41	45	222	2	7	3	3	5	3	5	6	0
*	5p	-	12	244767	160370	157818	244580	807535	159	355	152	127	46	33	40	41	37	36	28	221	9	4	4	4	3	7	7	4	0
*	5p	-	13	243835	160532	156752	246424	807543	157	339	142	143	34	50	35	42	32	30	46	234	3	8	2	7	9	12	2	3	0
*	5p	-	14	244086	159977	157046	246443	807552	145	315	171	156	41	53	37	32	55	48	44	210	6	4	4	2	5	10	5	1	0
*	5p	-	15	243589	160920	157148	245894	807551	116	364	169	161	42	52	32	51	40	39	46	196	10	6	3	4	7	7	7	2	0
*	5p	-	16	243816	159740	157624	246362	807542	155	352	181	139	41	53	23	38	38	43	36	213	6	7	5	4	11	9	9	3	0
*	5p	-	17	242266	159797	159346	246137	807546	153	360	141	153	43	40	47	35	53	56	43	219	11	15	5	4	12	10	3	3	0
*	5p	-	18	243599	159797	158593	245561	807550	210	351	168	144	41	46	41	36	33	43	40	204	19	14	5	7	10	9	3	2	0
*	5p	-	19	242942	159624	158643	246327	807536	259	398	159	156	33	53	37	41	29	29	33	206	14	13	5	6	13	14	5	6	0
*	5p	-	20	244056	159475	158601	245400	807532	360	393	169	151	30	45	21	53	34	46	43	189	10	12	11	7	17	16	3	6	0
*	5p	-	21	243384	159791	158749	245609	807533	457	361	142	155	55	40	34	38	42	42	30	190	13	15	4	11	11	15	4	11	0
*	5p	-	22	243249	159848	157484	246949	807530	614	364	164	144	47	46	45	43	30	40	41	200	9	14	9	4	17	15	4	8	0
*	5p	-	23	243481	158857	157490	247706	807534	721	333	138	139	41	53	40	39	39	39	40	205	21	17	4	4	16	16	6	2	0
*	5p	-	24	243696	158518	157730	247600	807544	860	397	168	135	32	48	35	55	32	40	32	228	12	19	5	10	14	11	2	2	0
*	5p	-	25	243341	157747	158922	247529	807539	1029	360	150	138	42	47	39	52	32	45	42	189	12	15	6	5	12	16	4	3	0
*	5p	-	26	243685	157743	159177	246922	807527	1144	384	159	145	32	40	46	49	38	61	57	191	23	20	6	8	17	20	6	4	0
*	5p	-	27	243857	157706	159277	246688	807528	1317	332	124	161	30	51	34	47	32	54	51	199	18	18	6	7	20	18	4	4	0
*	5p	-	28	243548	156952	160527	246508	807535	1345	349	166	179	36	54	35	61	31	45	44	210	14	22	6	11	19	12	6	2	0
*	5p	-	29	243040	157521	160233	246727	807521	1448	335	150	142	35	45	29	46	49	36	34	210	23	17	13	8	15	22	6	10	0
*	5p	-	30	242947	157931	160669	245977	807524	1583	359	163	144	42	65	48	49	40	49	41	208	21	23	8	11	13	26	4	7	0
*	5p	-	31	243358	158525	159437	246208	807528	1636	386	151	153	29	47	47	54	36	56	39	208	20	20	5	17	18	16	4	5	0
*	5p	-	32	242574	157825	160409	246707	807515	1695	335	144	145	46	52	50	61	37	49	45	205	27	22	8	8	18	20	7	9	0
*	5p	-	33	243650	157029	160189	246654	807522	1731	334	142	158	47	48	44	59	42	57	32	228	18	22	8	10	13	21	5	3	0
*	5p	-	34	244572	156572	159918	246452	807514	1846	306	154	166	44	43	34	64	33	55	41	187	18	25	8	6	13	21	7	5	0
*	5p	-	35	244197	156216	160324	246764	807501	1996	312	150	167	33	59	47	54	53	63	40	187	20	19	7	12	22	24	6	6	0
*	5p	-	36	244753	155588	159991	246863	807195	2071	301	138	167	53	45	40	55	37	53	36	170	24	24	5	16	21	13	5	8	0
*	5p	-	37	244582	155756	159816	246658	806812	2057	307	155	178	39	34	37	66	41	79	39	186	22	22	9	15	14	19	4	5	0
*	5p	-	38	243717	155668	160982	245986	806353	2109	326	160	159	31	45	37	70	42	58	62	173	18	23	7	14	21	27	6	10	0
*	5p	-	39	244055	155279	160458	246062	805854	2261	283	167	189	51	47	54	85	50	72	44	193	23	24	11	20	24	18	3	6	0
*	5p	-	40	244131	155611	160577	244935	805254	2208	303	152	165	36	55	48	61	39	49	41	183	29	31	6	27	19	17	4	11	0
*	5p	-	41	243737	155039	160204	245569	804549	2426	294	157	157	41	44	42	74	49	72	51	178	42	31	10	18	24	18	7	10	0
*	5p	-	42	244034	155198	160011	244516	803759	2440	306	163	157	35	43	39	94	45	58	37	170	26	29	12	19	20	31	2	4	0
*	5p	-	43	243169	154225	159877	245578	802849	2511	285	166	180	45	40	44	63	43	58	48	189	26	26	8	20	24	25	5	5	0
*	5p	-	44	244643	153221	159047	244820	801731	2543	277	144	177	37	49	46	88	38	54	37	225	24	27	13	16	20	26	8	7	0
*	5p	-	45	244328	152347	159585	244292	800552	2576	291	156	170	26	46	37	70	58	86	42	179	24	31	9	18	18	22	7	5	0
*	5p	-	46	244594	151587	158232	244816	799229	2666	288	147	153	38	30	42	71	27	95	38	169	20	18	13	22	21	18	8	5	0
*	5p	-	47	242845	152391	158062	244380	797678	2760	284	144	169	44	56	53	79	39	95	44	180	22	36	15	16	22	25	6	11	0
*	5p	-	48	243715	150917	158548	242829	796009	2860	239	145	157	44	42	48	84	35	101	36	187	22	25	16	13	20	21	5	6	0
*	5p	-	49	242878	151000	158073	242178	794129	2814	299	151	184	47	46	45	93	44	82	36	173	24	28	10	15	18	15	3	8	0
*	5p	-	50	242469	150001	157498	241972	791940	2920	276	173	159	46	58	42	89	36	79	46	191	30	32	11	9	32	19	6	8	0
*	5p	-	51	241747	149067	157640	241173	789627	3028	264	130	194	23	38	55	84	46	96	43	166	20	28	13	14	27	24	6	9	0
*	5p	-	52	240573	149669	156045	240764	787051	3087	283	146	152	40	47	52	79	39	82	42	135	25	31	17	25	21	19	11	9	0
*	5p	-	53	239866	148266	155382	240701	784215	3059	250	152	176	50	33	45	82	52	92	42	167	25	34	12	20	28	18	8	12	0
*	5p	-	54	239872	147408	154762	239196	781238	3110	258	138	195	38	50	58	106	49	80	38	135	26	33	20	20	22	24	9	9	0
*	5p	-	55	239120	146597	153820	238322	777859	3129	260	171	177	49	45	41	94	33	105	44	160	32	34	13	24	27	24	9	10	0
*	5p	-	56	238024	145962	153062	237175	774223	3281	215	140	166	43	40	33	91	43	120	38	137	25	35	9	11	26	23	5	10	0
*	5p	-	57	237027	144454	152221	236535	770237	3314	218	141	156	42	45	45	112	48	109	43	168	24	26	16	23	30	19	8	11	0
*	5p	-	58	236636	143321	151343	234811	766111	3290	229	145	139	38	44	36	113	35	128	52	154	23	25	11	24	18	18	12	11	0
*	5p	-	59	234040	142258	151183	234141	761622	3381	218	146	168	34	52	61	105	47	116	37	152	22	30	11	19	30	27	5	8	0
*	5p	-	60	233050	141163	149714	232881	756808	3429	227	166	161	37	47	42	104	44	128	52	157	31	21	17	13	24	19	9	17	0
*	5p	-	61	231965	139872	148307	231403	751547	3488	206	131	156	41	36	50	117	29	119	45	161	30	24	13	22	24	22	18	7	0
*	5p	-	62	230663	138255	147213	229824	745955	3555	229	142	153	38	44	52	108	36	136	38	147	20	38	13	17	22	20	13	9	0
*	5p	-	63	228956	137101	145865	228109	740031	3668	239	145	170	32	50	47	107	26	137	36	149	21	30	20	13	28	16	8	13	0
*	5p	-	64	227747	135785	144880	225268	733680	3574	226	150	157	35	39	49	97	38	137	42	143	23	35	20	19	25	21	11	6	0
*	5p	-	65	226411	134875	142539	223157	726982	3483	208	129	157	44	54	50	104	42	144	48	141	27	31	16	20	22	30	5	9	0
*	5p	-	66	224434	132029	141574	221838	719875	3687	202	148	143	43	48	48	118	36	149	43	159	19	35	15	20	35	27	6	9	0
*	5p	-	67	221951	130030	139986	220472	712439	3688	169	158	154	45	44	34	102	40	140	44	134	17	35	24	12	30	26	6	12	0
*	5p	-	68	219954	128561	138256	217749	704520	3569	213	157	152	39	41	39	103	48	175	34	139	22	26	12	18	15	20	8	7	0
*	5p	-	69	217601	127365	136903	214379	696248	3591	164	150	172	27	47	47	93	44	181	46	117	23	34	14	11	26	23	5	11	0
*	5p	-	70	214658	125168	134442	213240	687508	3654	170	136	157	31	72	40	129	46	154	41	135	33	24	5	24	18	26	6	7	0
