# table produced by mapDamage version 2.0.3
# using mapped file tmp1.sam and /home/sam/Scratch/Databases/hg38Poinar/Hardmasked/hg38Hard.fasta as reference file
# Chr: reference from sam/bam header, End: from which termini of DNA sequences, Std: strand of reads
Chr	End	Std	Pos	A	C	G	T	Total	G>A	C>T	A>G	T>C	A>C	A>T	C>G	C>A	T>G	T>A	G>C	G>T	A>-	T>-	C>-	G>-	->A	->T	->C	->G	S
*	3p	+	1	742245	441767	533534	418639	2136185	109476	1054	2850	1811	470	573	1209	1431	977	1106	394	1631	0	0	0	0	0	0	0	0	0
*	3p	+	2	724058	421205	454147	541571	2140981	56024	822	2414	1970	346	538	774	796	647	830	268	1254	0	1	0	0	1	1	1	0	0
*	3p	+	3	729405	401665	463688	550851	2145609	39559	765	2148	2082	245	467	499	534	433	534	228	641	0	1	0	0	9	6	8	2	0
*	3p	+	4	712403	389085	468192	578692	2148372	30755	691	2176	2063	243	432	217	419	273	442	193	308	0	1	1	1	29	19	13	21	0
*	3p	+	5	706528	401162	456232	585936	2149858	23242	725	2032	1975	254	363	198	453	206	405	173	320	1	3	2	1	67	59	49	41	0
*	3p	+	6	699074	409558	441558	599878	2150068	17590	760	2116	1936	245	407	179	443	235	402	164	291	11	17	6	16	312	314	278	295	0
*	3p	+	7	694639	408063	445796	602049	2150547	14112	909	2140	1877	221	365	205	361	251	371	179	330	86	101	92	93	378	310	319	352	0
*	3p	+	8	687109	411474	447915	604517	2151015	11104	1264	2154	1834	224	341	184	375	225	373	170	315	113	103	99	133	354	318	292	301	0
*	3p	+	9	683648	415336	442330	610114	2151428	8796	1353	2113	1878	227	349	187	338	256	336	172	314	136	112	124	117	311	247	252	310	0
*	3p	+	10	667634	420785	446107	617123	2151649	7438	1446	2090	1954	213	361	215	342	233	372	160	322	146	120	105	141	266	267	246	266	0
*	3p	+	11	661926	425421	445849	618576	2151772	6250	1501	2050	1963	218	328	175	339	239	342	150	301	113	111	107	114	279	248	240	254	0
*	3p	+	12	654333	428371	445839	623381	2151924	5236	1544	2065	1922	218	425	194	342	215	353	168	327	142	132	106	106	258	220	231	220	0
*	3p	+	13	654891	427987	447726	621334	2151938	4525	1537	2063	1805	198	358	183	315	217	349	161	352	137	127	111	102	279	243	208	218	0
*	3p	+	14	651956	429315	446334	624335	2151940	4131	1618	2027	1871	207	347	179	322	221	337	180	293	147	136	97	111	255	254	225	226	0
*	3p	+	15	650118	432615	444203	625009	2151945	3618	1625	1958	1855	178	342	193	315	222	353	138	331	137	141	115	99	249	256	227	233	0
*	3p	+	16	646491	435075	444565	625767	2151898	3377	1719	2059	1928	224	379	205	342	218	338	164	326	190	164	106	109	286	251	236	250	0
*	3p	+	17	642615	438227	442624	628467	2151933	3028	1689	2002	1841	225	350	157	308	203	345	193	343	191	160	82	108	297	256	207	214	0
*	3p	+	18	637546	442023	440147	632156	2151872	2813	1858	2005	1859	215	341	178	308	214	357	177	320	189	177	99	124	317	265	232	220	0
*	3p	+	19	636407	441601	439416	634387	2151811	2589	2125	2021	1967	200	354	172	327	247	323	184	310	208	186	106	105	297	307	240	230	0
*	3p	+	20	634150	441824	438209	637559	2151742	2411	2332	1998	1884	206	376	178	290	241	323	183	327	213	212	113	100	317	315	227	255	0
*	3p	+	21	634273	440891	435543	641022	2151729	2417	2676	1979	1945	223	343	168	343	219	303	198	327	230	204	106	127	320	290	267	229	0
*	3p	+	22	633976	440208	433910	643557	2151651	2207	3237	2092	1848	215	352	164	333	228	345	172	312	193	192	114	115	303	290	271	265	0
*	3p	+	23	631767	440230	431464	647995	2151456	2024	4020	1903	1953	212	324	169	340	197	346	185	331	238	192	122	110	344	342	254	308	0
*	3p	+	24	630978	441143	427590	651528	2151239	1916	4962	2000	1921	214	369	169	344	225	336	165	352	236	224	148	132	352	368	303	277	0
*	3p	+	25	628648	440916	426059	655228	2150851	1823	6215	2073	1844	238	379	174	350	197	322	186	334	200	225	128	140	367	387	374	305	0
*	3p	+	26	623777	443906	423097	659683	2150463	1718	7896	2056	1870	219	383	177	328	227	383	179	360	206	222	137	111	371	420	382	350	0
*	3p	+	27	617508	446979	421423	664201	2150111	1506	10273	1926	1914	210	385	157	349	250	335	198	370	204	228	138	103	363	392	286	300	0
*	3p	+	28	611335	448710	417978	671459	2149482	1495	13501	2050	1888	245	428	199	323	259	346	231	396	204	203	103	116	318	332	276	246	0
*	3p	+	29	603379	450544	417550	677067	2148540	1335	18401	2081	1953	290	441	198	437	255	381	332	464	162	167	100	83	255	254	185	176	0
*	3p	+	30	584880	458371	421876	681912	2147039	1241	28215	2056	2106	394	532	225	551	280	408	437	559	122	133	86	71	189	250	139	111	0
*	3p	+	31	521143	409237	374672	616789	1921841	1080	27007	1833	1847	346	451	162	554	210	348	413	505	104	116	71	59	169	193	100	84	0
*	3p	+	32	462471	361232	329500	552515	1705718	880	25193	1479	1625	310	400	157	455	158	292	335	429	86	81	49	49	144	177	80	71	0
*	3p	+	33	407144	317260	287652	491642	1503698	785	23125	1417	1376	259	313	140	381	143	231	308	391	70	71	30	24	104	153	57	53	0
*	3p	+	34	356192	276274	249645	435477	1317588	645	20842	1241	1281	256	302	105	391	156	199	273	323	72	59	40	30	79	102	37	49	0
*	3p	+	35	309726	241856	216335	380950	1148867	567	18887	1057	1066	199	281	94	303	110	175	221	298	46	44	34	23	76	89	43	46	0
*	3p	+	36	267741	210769	186793	333237	998540	483	17096	847	921	171	202	63	296	77	158	198	233	40	40	24	12	58	84	42	37	0
*	3p	+	37	230696	182248	161200	290625	864769	386	15223	767	795	137	185	46	240	66	120	169	184	33	31	18	14	43	73	44	42	0
*	3p	+	38	197917	157464	138906	252511	746798	387	13379	686	725	111	135	64	208	74	128	155	175	35	34	19	12	51	66	37	26	0
*	3p	+	39	170447	135871	119820	217292	643430	305	11908	606	574	96	141	43	194	64	96	127	165	24	26	15	18	45	51	30	39	0
*	3p	+	40	146781	116662	102342	188456	554241	274	10404	483	530	107	94	47	165	56	85	112	127	20	20	8	4	36	63	32	28	0
*	3p	+	41	126269	100583	87877	162000	476729	227	9405	457	457	95	103	48	117	55	80	77	136	19	19	14	7	46	37	24	25	0
*	3p	+	42	109275	86237	74576	140255	410343	181	8318	385	417	74	109	39	123	51	75	95	111	21	20	10	5	33	37	23	26	0
*	3p	+	43	93168	74002	64113	119806	351089	153	7308	325	354	60	65	31	103	34	61	85	101	16	13	8	1	33	37	12	12	0
*	3p	+	44	79173	62895	54522	103180	299770	124	6219	274	289	51	75	20	70	32	38	55	94	11	9	6	4	27	39	18	18	0
*	3p	+	45	68005	53563	46479	88276	256323	117	5174	211	246	53	67	25	82	26	33	55	76	8	19	8	2	21	21	12	13	0
*	3p	+	46	58158	45613	39522	75810	219103	101	4450	181	210	35	56	12	52	23	28	40	66	5	13	3	1	23	9	10	11	0
*	3p	+	47	49839	39005	33830	64714	187388	85	3786	163	200	39	46	22	53	16	34	30	40	2	10	3	2	19	18	11	7	0
*	3p	+	48	42545	33358	28611	55442	159956	79	3197	132	157	22	30	11	41	22	21	40	45	4	1	3	2	17	18	5	10	0
*	3p	+	49	36453	28739	24249	47215	136656	52	2742	128	128	17	32	13	21	18	15	26	40	6	5	2	4	9	9	10	7	0
*	3p	+	50	31228	24296	20704	40387	116615	53	2352	87	132	17	31	8	38	8	30	22	23	1	2	0	1	7	17	5	9	0
*	3p	+	51	26805	20762	17756	34471	99794	36	1920	85	99	18	14	7	34	10	24	25	31	1	3	1	2	9	8	4	9	0
*	3p	+	52	22826	17751	14990	29887	85454	29	1651	88	98	11	28	9	19	12	7	19	29	1	4	2	1	10	7	5	2	0
*	3p	+	53	19430	15229	13110	25355	73124	39	1377	72	73	13	22	5	19	8	9	14	18	1	5	2	1	6	3	0	1	0
*	3p	+	54	16929	12803	11215	21779	62726	31	1160	60	53	9	17	2	14	3	9	10	12	1	3	2	1	3	4	2	3	0
*	3p	+	55	14452	11011	9638	18647	53748	21	1051	46	56	13	13	6	15	9	8	12	14	2	4	1	0	6	3	4	3	0
*	3p	+	56	12494	9304	8131	16125	46054	17	807	39	37	10	11	3	13	3	3	10	12	4	2	1	2	4	3	1	3	0
*	3p	+	57	10718	8078	7045	13759	39600	17	697	21	48	12	6	4	9	6	6	7	15	2	0	2	0	1	4	2	1	0
*	3p	+	58	9325	6923	6031	11913	34192	17	594	29	26	8	12	3	5	4	9	6	8	2	2	1	2	2	3	2	0	0
*	3p	+	59	7867	5977	5223	10389	29456	7	534	24	29	2	6	3	11	2	3	4	9	0	3	5	0	4	4	2	1	0
*	3p	+	60	6810	5270	4454	8937	25471	15	450	27	21	5	4	2	4	0	5	8	5	0	2	0	1	1	0	0	1	0
*	3p	+	61	6017	4499	3755	7711	21982	15	396	18	27	5	2	0	4	4	4	8	6	1	0	1	0	1	3	0	1	0
*	3p	+	62	5165	3904	3287	6590	18946	6	333	19	19	5	1	2	5	0	3	3	8	0	3	0	0	0	3	0	0	0
*	3p	+	63	4546	3358	2863	5685	16452	9	289	12	14	3	5	2	4	0	2	1	5	0	1	0	0	1	0	0	1	0
*	3p	+	64	3809	2938	2515	4960	14222	7	251	14	10	0	6	0	6	3	5	1	1	1	1	0	0	2	0	0	0	0
*	3p	+	65	3373	2431	2154	4308	12266	5	205	11	13	2	2	0	2	2	1	1	4	0	1	0	0	0	0	1	0	0
*	3p	+	66	3006	2146	1827	3583	10562	7	146	7	12	0	3	0	4	1	1	3	2	1	2	0	0	1	0	0	0	0
*	3p	+	67	2477	1844	1605	3181	9107	4	159	10	5	2	4	0	2	0	2	2	2	0	0	0	1	0	0	0	1	0
*	3p	+	68	2091	1603	1319	2854	7867	5	136	4	9	3	2	1	0	0	2	4	1	2	0	0	0	0	1	0	0	0
*	3p	+	69	1823	1408	1169	2363	6763	4	105	6	9	2	1	1	1	1	1	0	0	2	0	0	0	0	0	0	0	0
*	3p	+	70	1582	1224	995	2080	5881	2	103	5	5	0	2	1	1	0	0	2	1	0	0	0	0	0	0	0	0	0
*	3p	-	1	744492	442120	532946	416982	2136540	109050	1027	2848	1796	507	611	1242	1447	970	1118	444	1671	0	0	0	0	0	0	0	0	6
*	3p	-	2	724280	422084	455787	539025	2141176	55971	873	2438	2015	339	539	765	785	666	812	277	1251	0	1	0	0	72	62	28	23	6
*	3p	-	3	730326	401762	463634	550175	2145897	39748	768	2225	2098	271	456	476	563	409	574	219	646	10	8	2	9	149	97	56	57	1
*	3p	-	4	713763	390568	466270	577877	2148478	30648	707	2070	2089	237	415	190	416	249	418	178	286	30	21	10	8	205	174	107	99	0
*	3p	-	5	709304	401728	455113	583477	2149622	22974	718	2082	1898	244	378	195	441	212	392	168	288	81	74	30	35	323	255	162	170	0
*	3p	-	6	701063	409123	443052	596926	2150164	17602	740	2097	1966	253	380	200	432	263	365	174	306	133	86	56	63	444	338	314	305	0
*	3p	-	7	695418	408974	445191	601246	2150829	13947	900	2096	1874	219	356	204	392	239	367	154	299	177	149	94	95	401	370	315	311	0
*	3p	-	8	687893	412308	448553	602669	2151423	11278	1200	2079	1885	225	409	194	353	208	323	157	345	206	169	114	110	337	349	313	330	0
*	3p	-	9	684674	416175	442073	608974	2151896	8815	1380	2064	1891	185	333	217	373	246	350	141	314	221	192	105	136	323	305	222	297	0
*	3p	-	10	670120	421186	446823	613954	2152083	7416	1435	2005	1848	207	353	192	358	257	343	146	287	220	205	110	124	317	295	280	272	0
*	3p	-	11	662915	424811	446297	618245	2152268	6159	1544	2052	1878	213	319	149	335	220	340	140	303	238	207	103	105	287	306	248	248	0
*	3p	-	12	656658	428860	444278	622578	2152374	5234	1540	2026	1897	194	349	202	339	203	312	148	294	205	169	113	119	296	284	218	236	0
*	3p	-	13	657122	427565	447641	620104	2152432	4561	1594	2034	1859	206	338	182	331	197	346	156	313	204	201	128	113	312	261	223	214	0
*	3p	-	14	653792	430148	446608	621860	2152408	4175	1627	1949	1928	235	317	185	342	205	336	169	285	199	206	113	115	278	310	228	249	0
*	3p	-	15	652142	433195	444711	622393	2152441	3579	1678	1950	1896	211	319	174	362	249	353	178	342	209	213	91	118	292	291	235	221	0
*	3p	-	16	648221	434945	444396	624861	2152423	3306	1681	2022	1850	200	346	164	294	215	340	170	338	183	198	112	96	298	290	242	235	0
*	3p	-	17	643612	438397	443799	626641	2152449	3052	1703	2025	1939	217	366	174	326	218	344	173	319	169	187	116	119	284	281	241	229	0
*	3p	-	18	639802	442297	439654	630725	2152478	2847	1978	1999	1974	229	383	175	313	194	337	189	291	184	188	122	108	246	303	229	225	0
*	3p	-	19	638161	441913	440128	632256	2152458	2688	2087	1933	1888	225	361	187	300	183	341	163	326	183	165	110	116	274	276	226	235	0
*	3p	-	20	635842	441086	438389	637093	2152410	2515	2171	1948	1913	216	363	199	302	221	356	168	317	157	161	104	114	273	302	239	214	0
*	3p	-	21	635203	439994	436609	640535	2152341	2382	2672	2030	1967	222	333	172	278	202	316	149	327	185	163	119	95	256	268	273	245	0
*	3p	-	22	635567	440825	434019	641796	2152207	2267	3253	2011	1906	187	347	174	364	219	338	174	366	186	155	138	121	283	319	257	251	0
*	3p	-	23	634406	440380	431280	646049	2152115	2104	3949	2034	1816	251	347	189	319	200	359	168	336	176	162	113	121	284	313	278	251	0
*	3p	-	24	631945	441651	427315	650957	2151868	1973	4791	1988	1857	216	379	172	302	191	362	170	339	165	179	120	116	303	359	295	284	0
*	3p	-	25	629981	440700	426057	654849	2151587	1813	6225	2083	1948	215	371	196	320	247	353	181	366	194	185	122	102	318	375	349	313	0
*	3p	-	26	626961	442910	423214	658135	2151220	1712	8090	2019	1895	245	361	166	301	237	351	195	358	159	172	138	132	337	363	385	339	0
*	3p	-	27	621397	447071	419951	662583	2151002	1541	10348	1967	1958	255	408	190	324	264	356	208	384	172	186	119	116	297	288	244	277	0
*	3p	-	28	613203	449981	416480	670716	2150380	1415	13647	2048	1931	256	427	170	347	277	350	260	427	114	119	105	90	206	225	205	209	0
*	3p	-	29	605421	451030	417132	675729	2149312	1330	18558	2130	2050	343	485	213	455	266	368	307	431	76	101	85	75	173	188	140	145	0
*	3p	-	30	585876	458605	421713	681596	2147790	1359	28576	1984	2105	459	517	203	609	276	402	432	608	77	61	55	44	121	144	106	106	0
*	3p	-	31	524058	408274	374720	615833	1922885	1117	26679	1752	1829	375	456	179	533	232	342	345	520	59	51	45	46	109	107	77	69	0
*	3p	-	32	463167	362143	330216	550786	1706312	984	25289	1645	1577	300	372	178	452	173	289	320	425	42	48	28	39	82	76	63	73	0
*	3p	-	33	406295	318380	287917	491524	1504116	855	23445	1438	1382	233	312	132	424	148	231	267	406	23	46	44	26	55	53	57	51	0
*	3p	-	34	356275	277917	249041	434986	1318219	629	21321	1249	1222	208	318	101	321	133	181	247	332	34	37	30	20	61	63	46	31	0
*	3p	-	35	308764	243139	215800	382131	1149834	553	19123	1068	1122	193	250	100	295	104	177	220	274	25	30	24	14	62	54	35	30	0
*	3p	-	36	268091	210509	186372	334425	999397	481	17325	952	980	146	174	82	269	93	143	200	262	18	22	16	16	37	66	35	33	0
*	3p	-	37	231298	182739	160656	290473	865166	439	15241	812	826	140	176	74	257	71	125	174	238	25	19	14	10	27	65	34	34	0
*	3p	-	38	198812	157591	138059	252623	747085	370	13348	696	680	121	157	66	194	61	90	145	187	20	19	15	11	39	42	48	36	0
*	3p	-	39	171069	135344	118298	219275	643986	276	11706	605	618	112	119	50	163	53	83	134	177	11	20	17	8	43	42	36	26	0
*	3p	-	40	147411	117163	101771	188484	554829	263	10624	502	558	97	110	43	139	45	93	96	147	13	9	13	5	31	30	28	28	0
*	3p	-	41	127266	100166	87807	162396	477635	215	9316	436	455	91	131	41	120	44	102	94	124	8	6	15	10	29	33	21	23	0
*	3p	-	42	109405	86447	75142	140672	411666	191	8477	410	419	75	90	43	116	53	78	95	109	15	4	14	3	21	21	23	15	0
*	3p	-	43	93609	73822	64179	120338	351948	184	7315	345	359	58	73	29	104	44	47	78	111	10	6	10	2	13	20	13	20	0
*	3p	-	44	80253	63522	54446	102702	300923	137	6235	283	293	57	71	22	96	30	48	52	91	7	6	6	2	19	16	11	9	0
*	3p	-	45	68015	54085	46531	88295	256926	123	5278	222	251	44	56	21	70	27	29	61	62	5	5	7	9	13	21	19	7	0
*	3p	-	46	58563	45773	39813	75261	219410	105	4549	224	206	40	54	24	77	21	43	46	69	2	5	5	3	9	13	10	6	0
*	3p	-	47	49974	39052	33688	64779	187493	96	3714	194	176	38	39	11	35	22	33	38	45	8	4	1	3	11	8	7	8	0
*	3p	-	48	42491	33265	28796	55411	159963	75	3133	163	149	27	46	15	44	17	36	39	49	1	4	5	2	5	8	6	5	0
*	3p	-	49	36408	28627	24267	47441	136743	62	2746	122	124	29	31	9	39	14	28	33	36	3	1	2	1	5	9	7	5	0
*	3p	-	50	31267	24349	20907	40392	116915	47	2330	112	118	25	27	11	36	16	16	19	36	0	2	1	1	4	6	6	5	0
*	3p	-	51	26820	20757	17790	34559	99926	36	1956	100	89	14	26	4	25	12	23	22	27	3	2	0	3	7	4	5	2	0
*	3p	-	52	22991	17659	15267	29646	85563	33	1589	79	81	18	21	2	19	8	10	18	29	1	1	5	3	6	4	9	2	0
*	3p	-	53	19729	15163	12882	25473	73247	34	1358	60	71	15	12	7	24	1	13	10	21	1	1	2	0	6	4	2	2	0
*	3p	-	54	17001	12885	11031	21780	62697	30	1078	55	61	4	15	7	11	5	10	9	18	3	1	1	0	1	1	3	0	0
*	3p	-	55	14413	11119	9595	18648	53775	30	1032	47	58	7	10	5	13	6	12	19	10	3	0	1	2	6	3	2	0	0
*	3p	-	56	12386	9585	8265	16006	46242	22	906	51	39	4	6	3	14	6	5	9	17	0	0	0	1	2	0	4	3	0
*	3p	-	57	10709	8115	7020	13888	39732	14	738	34	35	7	10	5	9	4	7	9	13	0	1	1	0	1	2	0	0	0
*	3p	-	58	9283	6971	6094	11759	34107	9	607	28	25	10	10	5	2	4	4	9	15	1	0	1	1	0	1	0	1	0
*	3p	-	59	8033	5996	5085	10223	29337	10	493	27	32	7	9	0	6	4	5	9	6	1	1	0	0	0	1	0	0	0
*	3p	-	60	6959	5187	4505	8698	25349	7	468	28	28	5	4	3	5	4	5	2	7	1	0	0	0	0	0	0	1	0
*	3p	-	61	5906	4536	3865	7527	21834	14	386	29	28	4	3	4	5	1	9	4	5	0	0	0	0	0	2	0	1	0
*	3p	-	62	5179	3854	3309	6521	18863	6	324	15	12	3	7	2	6	3	6	3	6	0	0	0	0	0	0	0	1	0
*	3p	-	63	4348	3282	2977	5744	16351	10	279	13	17	5	4	1	7	2	4	6	6	0	0	0	0	0	1	1	0	0
*	3p	-	64	3849	2843	2417	5057	14166	4	252	12	13	3	4	0	0	2	4	0	6	2	1	0	1	0	1	0	0	0
*	3p	-	65	3426	2561	2117	4188	12292	8	255	11	10	4	3	0	2	0	2	0	0	0	0	0	0	0	1	0	0	0
*	3p	-	66	2912	2165	1832	3739	10648	4	163	11	16	2	6	3	2	1	2	1	0	0	0	0	0	0	1	0	0	0
*	3p	-	67	2548	1846	1549	3237	9180	6	158	9	10	1	2	1	2	0	1	3	1	0	0	0	0	0	0	0	1	0
*	3p	-	68	2145	1679	1388	2775	7987	1	142	0	6	0	2	1	0	1	0	1	1	0	0	0	0	0	0	0	0	0
*	3p	-	69	1868	1408	1206	2417	6899	2	124	9	5	0	1	0	0	0	0	1	1	0	0	0	0	0	0	0	1	0
*	3p	-	70	1675	1186	1087	2053	6001	1	83	9	9	0	1	0	1	0	0	2	2	0	1	0	0	0	0	0	0	0
*	5p	+	1	411234	535845	445426	741734	2134239	860	109299	1770	2782	1050	1154	421	1682	498	598	1401	1500	0	0	0	0	0	0	0	0	16
*	5p	+	2	547365	455897	422630	712930	2138822	835	55878	2127	2281	807	845	290	1306	369	496	874	826	0	0	0	0	132	125	58	66	15
*	5p	+	3	554417	462308	406658	719944	2143327	756	38994	2105	2151	380	595	197	648	279	443	548	522	15	34	25	17	220	252	138	134	3
*	5p	+	4	584970	463985	399237	697608	2145800	731	29484	2175	2066	246	418	193	298	219	365	214	417	46	56	41	48	397	428	279	273	0
*	5p	+	5	589758	453989	407762	695141	2146650	720	22411	2052	1927	223	391	172	325	249	368	217	466	131	165	115	103	609	636	508	533	0
*	5p	+	6	604427	442278	411333	690276	2148314	782	17212	2135	1906	226	358	157	347	226	370	203	429	167	178	124	131	498	546	540	461	0
*	5p	+	7	606399	446126	410511	686605	2149641	954	13778	1999	1911	241	413	160	322	204	371	217	401	179	216	147	112	363	460	383	371	0
*	5p	+	8	609965	448104	413126	679359	2150554	1220	10845	2058	1951	233	395	191	337	227	340	205	394	186	194	114	98	342	372	327	294	0
*	5p	+	9	615774	442764	418320	674253	2151111	1383	8763	2014	1965	238	378	168	288	214	366	194	328	186	198	141	116	303	335	305	286	0
*	5p	+	10	619137	447888	421961	662435	2151421	1492	7272	2055	1829	236	359	165	310	207	331	205	367	213	183	115	129	352	325	260	254	0
*	5p	+	11	624138	446754	424431	656275	2151598	1564	6152	2005	1952	206	341	160	314	238	349	182	316	235	226	140	100	328	309	256	256	0
*	5p	+	12	627160	445197	430468	648897	2151722	1589	5284	2030	1936	203	338	173	302	208	324	176	358	223	209	124	105	297	342	228	232	0
*	5p	+	13	625165	447583	429592	649458	2151798	1576	4381	2051	1909	195	344	181	319	230	313	196	323	204	212	116	91	274	316	244	233	0
*	5p	+	14	627528	447438	430241	646678	2151885	1618	3947	1928	1869	229	352	148	302	230	327	175	307	236	205	124	105	283	295	212	214	0
*	5p	+	15	628429	444556	432674	646198	2151857	1622	3516	2013	1929	231	327	181	312	226	360	165	356	215	211	110	108	292	277	231	255	0
*	5p	+	16	628639	444768	435518	642890	2151815	1686	3233	1985	1836	216	327	187	327	231	332	185	337	215	181	110	106	331	292	231	239	0
*	5p	+	17	630942	444807	437781	638393	2151923	1764	3000	1987	1859	210	355	182	335	214	360	173	323	203	199	123	112	250	265	255	217	0
*	5p	+	18	636061	441029	440305	634526	2151921	1871	2783	2073	1860	193	384	181	318	205	332	182	351	184	202	97	107	264	284	210	225	0
*	5p	+	19	639085	439213	440691	632882	2151871	2126	2478	2008	1781	213	407	160	302	228	336	156	326	188	170	111	119	290	290	227	215	0
*	5p	+	20	641745	437958	441648	630470	2151821	2420	2399	2094	1955	222	346	173	273	212	332	182	332	170	189	115	107	295	271	265	222	0
*	5p	+	21	646461	435829	439686	629816	2151792	2653	2266	1976	1935	205	398	157	310	222	339	148	302	155	155	105	97	294	274	230	252	0
*	5p	+	22	647857	433189	440020	630650	2151716	3374	2108	1993	1831	196	347	163	297	217	329	159	318	154	162	129	125	275	292	255	267	0
*	5p	+	23	653914	430647	439643	627425	2151629	4044	2070	2022	1913	217	370	182	327	194	336	172	320	188	157	113	130	326	262	246	282	0
*	5p	+	24	658131	428095	440189	625132	2151547	5194	1911	2020	1872	227	321	188	363	202	351	185	337	187	145	123	120	322	259	259	270	0
*	5p	+	25	661116	425173	440136	625015	2151440	6297	1729	2100	1893	212	361	186	339	228	380	179	343	193	152	121	121	297	287	229	249	0
*	5p	+	26	665664	421576	442935	621307	2151482	8067	1614	2031	1980	259	399	211	398	218	377	170	291	120	132	90	101	204	183	179	190	0
*	5p	+	27	672742	416927	447011	614591	2151271	10573	1532	2018	1942	228	371	212	377	254	388	168	346	99	101	59	81	165	142	115	136	0
*	5p	+	28	678106	413678	451479	607462	2150725	13963	1461	2065	1972	238	417	261	393	249	376	184	411	74	59	52	65	120	108	81	100	0
*	5p	+	29	684774	415326	450488	599111	2149699	18459	1310	2081	1935	232	395	289	443	291	441	191	437	62	62	41	57	102	104	74	68	0
*	5p	+	30	689943	419649	457971	580688	2148251	28770	1257	2117	1922	281	426	400	603	418	536	229	577	53	45	31	46	80	56	43	41	0
*	5p	+	31	623952	371445	408552	518936	1922885	27161	1105	2033	1695	225	386	337	528	339	440	180	525	44	37	33	41	63	48	44	34	0
*	5p	+	32	558221	326888	362066	459614	1706789	25601	911	1732	1476	188	317	315	396	303	408	162	416	47	31	20	27	65	63	22	38	0
*	5p	+	33	497504	285713	317529	403867	1504613	23461	798	1486	1324	174	240	253	374	251	314	126	381	31	23	20	22	47	32	20	20	0
*	5p	+	34	439913	247801	276856	353864	1318434	21355	652	1348	1078	145	209	220	323	212	270	93	355	32	26	14	16	42	34	25	24	0
*	5p	+	35	385924	214098	242414	307111	1149547	19279	594	1134	987	106	189	185	276	175	248	88	288	29	26	14	19	37	39	18	17	0
*	5p	+	36	337125	185082	211019	265887	999113	17167	441	985	867	102	144	183	229	166	231	73	239	20	17	13	15	37	25	20	28	0
*	5p	+	37	293939	159980	182666	228679	865264	15326	416	880	735	89	123	138	196	114	166	68	221	17	13	14	12	25	27	13	17	0
*	5p	+	38	255390	136636	157813	197483	747322	13461	343	687	651	77	105	132	166	97	138	46	187	11	9	4	14	35	29	15	13	0
*	5p	+	39	220756	117532	136101	169553	643942	12031	292	652	570	65	93	102	147	89	117	45	175	11	15	5	14	27	24	12	16	0
*	5p	+	40	190701	100625	116843	146590	554759	10667	260	572	473	45	81	104	145	88	116	52	150	9	9	5	4	18	16	7	18	0
*	5p	+	41	163749	86554	100760	126027	477090	9470	229	492	413	61	60	83	119	82	87	47	124	6	6	7	5	27	17	12	7	0
*	5p	+	42	142303	74510	85992	107879	410684	8465	203	415	323	32	63	83	104	75	85	30	134	6	6	6	4	16	9	6	7	0
*	5p	+	43	121102	63618	73851	92804	351375	7220	151	353	329	28	51	66	108	57	91	22	103	8	3	2	3	11	12	6	10	0
*	5p	+	44	104222	53928	63171	78642	299963	6291	146	312	228	24	49	65	80	56	75	32	92	5	8	4	1	7	11	8	2	0
*	5p	+	45	89326	45859	53774	67520	256479	5203	111	275	234	29	41	50	74	35	56	31	63	7	7	4	2	4	2	5	3	0
*	5p	+	46	76855	38708	45767	57881	219211	4491	102	236	191	18	28	36	45	33	47	26	58	9	5	3	5	7	7	1	1	0
*	5p	+	47	66025	33164	38986	49359	187534	3887	85	204	147	14	36	28	40	37	47	14	49	2	2	3	2	6	5	4	4	0
*	5p	+	48	56071	28169	33667	42178	160085	3354	70	137	147	18	24	31	39	28	39	13	38	2	2	2	1	11	5	1	5	0
*	5p	+	49	47630	24240	28793	36082	136745	2798	75	181	120	12	20	25	41	17	25	13	45	2	6	1	1	2	6	4	2	0
*	5p	+	50	41030	20492	24329	30878	116729	2229	51	125	92	16	18	14	33	22	22	6	30	3	0	0	1	4	4	3	2	0
*	5p	+	51	35316	17673	20616	26287	99892	1861	49	121	84	16	16	29	26	13	20	7	24	2	0	1	0	3	3	2	0	0
*	5p	+	52	30060	14911	17899	22649	85519	1562	43	87	76	6	18	15	27	13	23	6	17	2	0	1	2	6	5	0	2	0
*	5p	+	53	25740	12829	15110	19473	73152	1406	37	84	74	11	11	21	20	9	20	6	24	3	2	0	0	5	3	0	0	0
*	5p	+	54	22000	11125	13012	16611	62748	1183	26	71	36	5	13	9	20	7	8	7	21	3	1	1	1	2	1	0	1	0
*	5p	+	55	18989	9421	11081	14278	53769	1032	14	55	46	7	9	10	16	10	10	2	19	2	3	1	0	1	0	0	0	0
*	5p	+	56	16366	7997	9546	12168	46077	865	30	60	57	1	6	8	12	4	8	5	15	0	2	0	0	3	1	0	1	0
*	5p	+	57	13911	6919	8270	10545	39645	746	17	48	26	2	6	6	3	1	10	2	10	0	1	1	0	0	3	2	0	0
*	5p	+	58	12083	5940	6966	9236	34225	588	10	41	30	1	7	7	9	7	10	2	5	0	0	0	0	0	0	0	1	0
*	5p	+	59	10435	5181	6061	7809	29486	532	10	20	25	2	4	5	5	7	2	5	10	1	1	1	0	0	2	0	1	0
*	5p	+	60	8899	4413	5304	6877	25493	474	8	32	18	0	4	4	10	2	3	5	8	0	1	0	0	1	1	0	0	0
*	5p	+	61	7871	3829	4562	5737	21999	402	7	13	20	1	4	3	4	2	6	2	6	1	0	0	0	1	0	1	2	0
*	5p	+	62	6686	3318	3896	5036	18936	332	5	20	14	0	1	5	6	2	3	2	4	0	2	1	0	3	1	1	0	0
*	5p	+	63	5777	2777	3414	4470	16438	300	9	17	14	2	3	3	3	2	5	1	7	2	1	0	1	1	0	1	1	0
*	5p	+	64	5069	2385	2881	3884	14219	270	2	8	14	2	4	6	2	5	4	1	1	0	1	0	2	2	0	0	1	0
*	5p	+	65	4380	2087	2486	3309	12262	223	5	13	13	1	1	4	3	4	8	3	2	1	0	0	0	2	0	1	2	0
*	5p	+	66	3657	1830	2189	2887	10563	210	5	9	13	0	1	2	4	1	2	1	2	1	0	0	0	2	0	0	0	0
*	5p	+	67	3255	1568	1836	2442	9101	165	5	8	9	1	0	0	3	0	3	0	0	0	0	1	0	1	0	0	0	0
*	5p	+	68	2786	1361	1563	2150	7860	152	3	10	9	1	0	1	2	1	5	0	0	0	0	0	0	0	0	0	0	0
*	5p	+	69	2412	1167	1399	1784	6762	117	1	4	3	0	0	0	0	1	1	1	3	0	0	0	0	0	0	0	0	0
*	5p	+	70	2105	965	1171	1628	5869	103	2	5	9	1	1	0	1	1	4	0	0	0	0	0	0	0	0	0	0	0
*	5p	-	1	411606	537170	445513	740621	2134910	945	110203	1780	2766	1037	1105	446	1612	466	585	1293	1536	0	0	0	0	0	0	0	0	4
*	5p	-	2	548683	457711	421050	712179	2139623	844	56207	2102	2221	790	891	294	1301	382	467	849	824	0	0	0	0	0	3	0	1	4
*	5p	-	3	555604	463172	406745	718795	2144316	711	39012	2224	2087	420	539	211	647	278	427	550	551	0	0	0	0	10	7	10	9	4
*	5p	-	4	586812	465300	396639	698634	2147385	731	29673	2201	2068	284	489	201	303	272	431	241	468	3	1	1	3	48	63	62	32	0
*	5p	-	5	590664	454953	407400	694762	2147779	663	22908	2146	2044	250	377	183	303	247	392	239	463	111	103	88	119	538	536	547	543	0
*	5p	-	6	606068	441477	410015	691453	2149013	839	17341	2073	1947	237	441	166	325	266	391	165	451	114	109	142	103	508	540	589	534	0
*	5p	-	7	607191	445306	411045	686600	2150142	990	13690	2082	1967	256	354	169	347	229	383	217	404	135	104	123	100	459	504	430	426	0
*	5p	-	8	611062	449578	413063	677442	2151145	1227	10925	1998	1879	263	386	175	343	215	356	177	342	127	128	121	119	354	357	345	329	0
*	5p	-	9	617291	443039	416942	674450	2151722	1381	8620	2085	1869	225	393	183	317	208	334	223	389	118	152	110	100	312	312	306	276	0
*	5p	-	10	620727	447112	422432	661833	2152104	1535	7296	2089	2072	219	373	188	279	207	328	170	368	137	118	109	116	263	277	262	263	0
*	5p	-	11	626185	445117	425108	655905	2152315	1603	5934	1985	1989	225	346	159	291	193	347	196	378	153	132	135	104	252	273	263	210	0
*	5p	-	12	627327	445999	430455	648575	2152356	1622	5058	2023	1897	209	328	170	298	214	336	188	350	130	126	112	91	240	317	220	257	0
*	5p	-	13	626576	448585	428204	649126	2152491	1632	4435	2012	1937	221	343	169	310	188	319	157	325	137	145	115	123	230	265	240	224	0
*	5p	-	14	629815	446225	430260	646199	2152499	1642	3924	1989	1935	235	334	151	316	201	328	172	344	141	180	110	113	242	268	223	237	0
*	5p	-	15	629655	445622	432552	644683	2152512	1674	3572	2014	1884	248	351	160	318	180	321	164	344	135	138	112	91	260	252	246	209	0
*	5p	-	16	632196	444757	435399	640106	2152458	1655	3278	1966	1934	221	328	167	309	231	358	193	323	173	152	111	105	252	274	261	236	0
*	5p	-	17	634325	443430	437829	636832	2152416	1845	2947	2004	1862	213	376	194	329	216	346	152	346	187	167	123	122	279	290	252	246	0
*	5p	-	18	639717	441341	441218	630163	2152439	1923	2781	2045	1874	231	340	181	301	200	352	187	312	179	171	130	89	288	283	251	223	0
*	5p	-	19	640686	439737	441129	630930	2152482	2075	2578	2025	1900	206	339	168	307	208	348	170	301	182	214	127	89	266	284	212	215	0
*	5p	-	20	645773	437677	440583	628390	2152423	2305	2443	2011	1853	212	364	178	310	241	295	138	329	188	183	123	95	285	274	221	238	0
*	5p	-	21	646380	435650	440937	629392	2152359	2862	2317	2059	1851	216	321	171	293	211	297	154	331	192	189	105	111	303	265	253	238	0
*	5p	-	22	650213	434247	439368	628405	2152233	3114	2185	1953	1819	218	349	182	339	215	346	156	305	189	187	115	133	283	343	252	260	0
*	5p	-	23	655398	430854	439396	626486	2152134	4061	2055	1995	1869	199	373	169	341	198	298	157	310	235	212	128	132	315	309	263	273	0
*	5p	-	24	659743	426754	441137	624323	2151957	5009	1940	2006	1893	210	333	185	358	211	351	151	299	235	225	118	126	321	383	278	251	0
*	5p	-	25	662569	425124	440347	623805	2151845	6413	1799	1959	1895	196	330	165	316	233	346	155	333	213	197	113	119	330	318	231	296	0
*	5p	-	26	668027	421738	442954	619041	2151760	8112	1651	2148	1938	251	348	186	340	239	368	168	323	211	202	99	95	294	278	194	215	0
*	5p	-	27	672053	417543	448020	613917	2151533	10644	1519	2079	1895	245	378	217	360	223	422	182	330	178	147	79	97	249	217	164	155	0
*	5p	-	28	680831	415569	449210	605411	2151021	13920	1394	2030	1885	202	412	223	448	241	359	178	312	165	133	76	85	216	204	151	148	0
*	5p	-	29	686826	415205	451130	596835	2149996	18743	1250	2134	1993	272	399	315	493	286	446	178	426	151	120	66	56	223	168	100	116	0
*	5p	-	30	691641	419653	458450	578844	2148588	28335	1302	2240	1972	311	431	378	587	349	556	222	563	97	110	51	47	169	132	70	78	0
*	5p	-	31	624681	372679	408601	517557	1923518	27123	1086	1989	1743	239	360	349	459	361	436	199	499	93	94	52	45	142	122	62	51	0
*	5p	-	32	560553	326984	360699	458687	1706923	25390	980	1771	1536	200	282	322	435	275	412	167	489	100	77	24	33	99	98	36	46	0
*	5p	-	33	498186	286386	317680	402316	1504568	23380	846	1448	1303	138	233	282	370	250	315	114	405	61	53	21	32	85	65	31	37	0
*	5p	-	34	439489	248135	277597	353434	1318655	21299	673	1272	1134	129	219	243	317	211	274	107	328	54	46	18	19	82	64	28	36	0
*	5p	-	35	386411	214566	242612	306740	1150329	19300	552	1123	996	106	162	225	287	200	237	95	331	52	43	21	17	45	56	17	29	0
*	5p	-	36	338041	185635	211263	264816	999755	17548	495	886	814	80	167	179	234	151	182	84	257	45	46	13	15	54	46	22	19	0
*	5p	-	37	293880	160334	182489	228790	865493	15471	405	826	758	81	131	149	194	148	172	81	260	42	38	22	16	49	41	24	19	0
*	5p	-	38	255470	136907	158198	196923	747498	13474	355	748	632	67	118	128	203	112	142	46	166	24	20	10	14	48	40	14	19	0
*	5p	-	39	221613	118407	135292	169001	644313	12078	290	664	575	71	120	102	179	102	105	54	184	19	32	9	14	32	23	22	14	0
*	5p	-	40	191048	101285	117043	145774	555150	10497	244	560	454	50	80	109	124	84	136	40	143	21	17	2	8	33	24	13	14	0
*	5p	-	41	165304	86869	100131	125629	477933	9372	215	476	445	42	66	68	121	73	101	36	130	16	17	6	6	32	31	12	11	0
*	5p	-	42	142685	74423	86757	108148	412013	8429	196	418	338	40	69	71	105	69	108	39	125	10	21	2	6	30	15	12	10	0
*	5p	-	43	122363	63292	73881	92692	352228	7233	164	366	313	29	81	78	98	53	80	34	104	13	16	3	5	18	30	8	7	0
*	5p	-	44	104240	54622	63182	79047	301091	6172	147	317	257	25	42	65	72	39	66	32	95	13	2	4	8	20	23	16	7	0
*	5p	-	45	89961	45870	53689	67557	257077	5243	131	257	240	21	32	52	57	45	53	20	63	11	7	1	3	22	13	10	11	0
*	5p	-	46	76607	38982	46107	57785	219481	4463	81	228	202	21	42	30	51	32	48	19	56	8	11	4	5	16	10	5	8	0
*	5p	-	47	65575	33382	39342	49276	187575	3816	94	197	157	17	23	29	34	32	36	12	60	10	9	2	4	17	13	5	6	0
*	5p	-	48	56158	28226	33682	41977	160043	3296	61	147	132	19	28	24	56	29	28	12	51	9	6	1	3	11	7	6	5	0
*	5p	-	49	47994	24165	28634	36023	136816	2723	64	158	121	13	26	24	39	24	35	9	36	6	4	0	3	8	9	3	6	0
*	5p	-	50	40946	20689	24578	30752	116965	2352	48	111	108	14	18	27	23	15	26	13	29	6	3	3	2	12	6	3	3	0
*	5p	-	51	35079	17508	21022	26370	99979	1891	61	109	91	8	16	19	23	16	26	7	26	6	3	2	3	6	4	2	0	0
*	5p	-	52	30089	15136	18002	22354	85581	1733	37	77	64	11	20	12	24	14	11	7	28	2	1	0	3	9	6	1	2	0
*	5p	-	53	25864	13007	15131	19270	73272	1385	39	75	58	10	12	17	17	19	11	2	15	4	3	0	2	7	3	1	4	0
*	5p	-	54	22361	10848	12853	16661	62723	1208	25	65	58	5	15	9	16	5	12	6	18	1	3	1	0	1	4	2	3	0
*	5p	-	55	19157	9185	11058	14381	53781	991	19	60	45	6	4	8	9	10	14	1	8	3	4	2	0	3	4	2	1	0
*	5p	-	56	16230	8048	9615	12341	46234	864	16	38	35	10	8	11	10	5	7	2	11	2	3	2	0	2	2	1	2	0
*	5p	-	57	13983	7014	8137	10618	39752	698	24	38	25	6	8	5	5	6	5	1	10	4	1	0	0	3	1	2	0	0
*	5p	-	58	12053	5882	6999	9182	34116	627	11	41	36	6	4	11	7	5	7	6	12	0	1	2	1	2	1	2	2	0
*	5p	-	59	10383	4948	5974	8037	29342	539	12	28	18	3	6	5	10	4	3	4	8	2	0	0	1	4	4	1	0	0
*	5p	-	60	8877	4386	5417	6671	25351	454	11	31	25	0	2	7	8	8	9	2	2	0	1	0	1	3	1	1	1	0
*	5p	-	61	7679	3759	4529	5870	21837	392	8	24	21	1	2	8	3	4	6	3	2	1	0	0	1	3	0	1	1	0
*	5p	-	62	6656	3310	3896	4998	18860	363	6	25	12	2	4	5	3	2	2	2	4	0	0	0	1	0	0	1	0	0
*	5p	-	63	5774	2917	3333	4331	16355	277	9	14	13	2	4	6	2	2	2	0	3	1	1	0	0	1	0	1	2	0
*	5p	-	64	5067	2418	2877	3801	14163	244	7	12	10	6	3	2	3	0	5	1	3	0	0	0	0	2	0	1	2	0
*	5p	-	65	4327	2083	2522	3339	12271	219	3	13	2	2	1	0	2	0	3	0	2	0	0	0	0	1	2	1	0	0
*	5p	-	66	3690	1832	2208	2907	10637	205	10	5	12	1	1	2	2	3	0	0	1	1	0	0	0	0	2	1	1	0
*	5p	-	67	3267	1527	1871	2507	9172	154	8	9	7	2	2	3	4	1	3	0	2	0	1	0	0	1	2	1	0	0
*	5p	-	68	2852	1351	1632	2152	7987	152	0	5	9	3	2	0	3	2	3	0	3	0	0	0	0	0	0	0	0	0
*	5p	-	69	2452	1141	1449	1861	6903	132	1	4	7	0	2	1	0	1	2	2	4	1	0	2	0	0	0	0	0	0
*	5p	-	70	2147	955	1218	1690	6010	97	1	5	7	1	1	0	3	1	0	3	1	0	0	0	1	0	0	0	1	0
