# table produced by mapDamage version 2.0.3
# using mapped file tmp1.sam and /home/sam/Scratch/Databases/hg38Poinar/Hardmasked/hg38Hard.fasta as reference file
# Chr: reference from sam/bam header, End: from which termini of DNA sequences, Std: strand of reads
Chr	End	Std	Pos	A	C	G	T	Total	G>A	C>T	A>G	T>C	A>C	A>T	C>G	C>A	T>G	T>A	G>C	G>T	A>-	T>-	C>-	G>-	->A	->T	->C	->G	S
*	3p	+	1	723103	431811	518460	408321	2081695	104085	1015	2772	1731	489	588	1180	1441	974	1108	402	1574	0	0	0	0	0	0	0	0	0
*	3p	+	2	704826	411032	442319	528089	2086266	53290	823	2340	1905	390	538	772	808	678	876	267	1213	0	1	0	0	1	1	1	0	0
*	3p	+	3	709930	391802	451897	537038	2090667	37569	727	2087	2002	295	496	493	581	447	598	224	612	0	1	0	0	9	6	6	1	0
*	3p	+	4	693525	379546	455751	564428	2093250	29204	688	2155	2017	291	486	232	460	366	513	199	331	0	1	1	1	25	16	13	19	0
*	3p	+	5	687777	391304	444297	571244	2094622	22143	724	1986	1936	279	435	243	523	326	533	183	342	1	3	2	1	70	58	46	40	0
*	3p	+	6	680916	399365	430103	584490	2094874	16760	774	2082	1927	302	450	218	487	310	485	167	317	10	17	5	16	289	290	248	258	0
*	3p	+	7	676075	397988	434140	587051	2095254	13426	900	2120	1861	245	410	235	455	375	483	199	352	80	97	85	88	359	297	307	330	0
*	3p	+	8	669081	401287	436250	589079	2095697	10600	1204	2122	1810	247	396	216	444	323	498	190	344	106	98	102	118	347	299	281	280	0
*	3p	+	9	665530	405063	431025	594487	2096105	8417	1321	2054	1833	262	372	217	394	353	424	176	301	126	108	109	102	303	231	231	288	0
*	3p	+	10	650342	410201	434695	601086	2096324	7110	1383	2013	1911	223	381	228	388	292	464	152	323	143	111	99	134	237	252	225	248	0
*	3p	+	11	644547	414833	434615	602424	2096419	6016	1433	1996	1929	234	344	198	369	272	414	153	300	114	107	101	100	261	233	230	233	0
*	3p	+	12	636765	417865	434413	607518	2096561	5025	1451	2011	1871	237	432	210	373	286	425	167	315	144	127	97	96	235	211	213	212	0
*	3p	+	13	637425	417167	436758	605232	2096582	4353	1460	1999	1771	219	394	218	360	266	412	162	350	126	125	102	91	273	212	185	208	0
*	3p	+	14	634731	418533	435283	608046	2096593	3987	1551	1967	1829	229	354	202	362	264	396	177	296	131	130	87	95	231	227	200	223	0
*	3p	+	15	632998	421741	433139	608696	2096574	3487	1566	1954	1799	197	359	240	399	275	444	143	323	123	132	97	87	228	233	217	227	0
*	3p	+	16	629349	424441	433321	609408	2096519	3285	1645	2015	1864	238	394	240	397	313	459	168	319	176	152	101	104	264	246	229	229	0
*	3p	+	17	625568	427442	431508	612032	2096550	2924	1611	1953	1800	244	368	205	355	258	413	180	327	177	149	81	96	284	239	191	210	0
*	3p	+	18	620782	430901	429101	615698	2096482	2721	1782	1972	1816	237	351	190	349	276	435	178	315	169	166	95	104	295	251	227	216	0
*	3p	+	19	619507	430545	428143	618249	2096444	2487	2014	1949	1885	226	363	182	381	297	412	173	301	190	182	96	95	264	290	229	221	0
*	3p	+	20	617431	430549	427116	621259	2096355	2327	2236	1956	1810	225	376	203	345	282	405	192	322	201	196	95	89	306	295	215	244	0
*	3p	+	21	617386	429901	424506	624535	2096328	2376	2537	1948	1863	230	362	204	410	285	411	190	339	213	192	92	116	306	290	250	228	0
*	3p	+	22	617150	428842	423102	627162	2096256	2139	3085	2045	1789	218	372	206	391	271	435	177	315	179	177	103	103	283	281	262	264	0
*	3p	+	23	615169	428879	420672	631355	2096075	1989	3846	1876	1872	219	342	197	402	266	473	186	343	225	168	104	101	313	330	248	294	0
*	3p	+	24	614136	429806	416856	635050	2095848	1909	4737	1972	1848	215	372	205	414	291	457	167	345	225	214	138	113	329	351	294	278	0
*	3p	+	25	611802	429886	415308	638448	2095444	1865	5972	2033	1789	257	423	230	467	279	518	194	342	192	217	122	130	347	408	351	303	0
*	3p	+	26	607192	432266	412737	642540	2094735	1807	7667	2091	1832	234	1445	289	511	365	667	191	1156	409	220	159	403	361	773	367	319	0
*	3p	+	27	601135	435070	410962	646480	2093647	1572	9923	1982	1965	563	1547	248	535	405	606	496	1206	622	273	178	462	336	743	1009	281	0
*	3p	+	28	594650	436479	407038	653993	2092160	1568	12989	2075	2030	611	1685	280	464	405	590	598	1344	686	243	200	587	288	1427	1131	237	0
*	3p	+	29	587931	438049	406261	658873	2091114	1578	17674	2066	2100	690	1855	275	769	396	706	677	1463	644	233	208	526	324	1339	1071	161	0
*	3p	+	30	570130	445312	411257	662936	2089635	1497	26995	2222	2276	801	1968	484	1007	566	775	829	1525	627	197	188	554	282	1313	1050	96	0
*	3p	+	31	509113	398023	366207	600231	1873574	1406	25893	2164	2000	744	1809	542	985	628	734	764	1472	620	185	185	499	258	1257	1022	81	0
*	3p	+	32	452489	351816	322733	538437	1665475	1180	24075	1881	1801	687	1716	571	874	599	657	699	1310	559	135	173	430	251	1211	999	65	0
*	3p	+	33	399549	309190	282541	479765	1471045	1090	22126	1799	1573	669	1650	583	784	589	586	629	1227	523	134	125	435	202	1149	859	50	0
*	3p	+	34	350215	269691	245752	425743	1291401	912	20002	1634	1486	642	1504	536	750	646	534	605	1082	497	132	140	356	180	1034	882	50	0
*	3p	+	35	305073	236871	213441	373060	1128445	801	18104	1473	1240	515	1409	505	652	565	492	505	1010	420	110	129	359	161	1020	797	45	0
*	3p	+	36	264749	206449	184724	327238	983160	709	16460	1228	1069	471	1217	431	620	503	438	461	856	393	102	113	312	139	901	784	41	0
*	3p	+	37	228360	179224	159952	285992	853528	587	14721	1140	942	430	1064	414	572	468	401	404	705	359	77	116	232	126	895	652	44	0
*	3p	+	38	197108	154827	138403	248396	738734	578	12934	1039	884	354	1792	418	485	449	383	351	1164	360	86	114	262	118	998	569	32	0
*	3p	+	39	170382	134111	119610	214166	638269	471	11550	960	863	798	1676	358	436	420	282	634	1005	430	58	93	228	114	889	704	39	0
*	3p	+	40	147075	115371	102803	186048	551297	404	10227	756	769	720	1654	299	376	352	298	607	1079	409	53	82	289	104	1096	658	32	0
*	3p	+	41	127476	99529	88422	160565	475992	514	9198	743	643	601	1419	263	458	353	381	473	1049	360	44	76	244	124	980	569	25	0
*	3p	+	42	110706	85867	75712	139255	411540	445	8191	810	568	510	1155	575	485	595	456	474	812	367	33	56	204	96	831	492	25	0
*	3p	+	43	94586	73731	65131	119012	352460	379	7175	821	493	417	1039	634	387	596	378	366	717	286	32	58	225	100	734	408	12	0
*	3p	+	44	80471	62495	55508	102524	300998	324	6079	696	419	398	962	491	359	495	334	301	695	241	23	57	174	94	634	351	18	0
*	3p	+	45	68924	53406	47286	87700	257316	278	5087	548	358	391	773	457	306	464	274	256	517	217	33	46	153	96	573	319	13	0
*	3p	+	46	59074	45470	40227	75191	219962	221	4399	502	318	295	669	387	222	339	227	208	483	191	15	25	140	82	464	249	11	0
*	3p	+	47	50625	38858	34428	64238	188149	209	3731	414	285	234	531	338	224	301	190	184	415	134	25	33	122	64	372	240	11	0
*	3p	+	48	43089	33349	29057	55025	160520	174	3156	384	227	184	422	300	177	288	174	154	313	153	7	24	83	59	315	208	10	0
*	3p	+	49	36921	28585	24622	46815	136943	145	2686	327	175	137	396	241	143	231	154	135	272	110	15	24	81	51	295	164	6	0
*	3p	+	50	31614	24107	21131	40055	116907	117	2301	244	185	158	308	186	122	216	147	114	269	103	4	11	72	41	217	147	9	0
*	3p	+	51	27126	20692	18038	34137	99993	81	1886	201	142	124	294	198	112	142	105	124	196	87	10	13	61	29	229	108	8	0
*	3p	+	52	23058	17685	15241	29592	85576	81	1612	192	132	100	259	159	92	130	90	101	186	66	8	14	62	31	187	116	3	0
*	3p	+	53	19737	15165	13349	25079	73330	69	1361	177	108	95	218	123	67	117	71	86	157	75	4	14	38	24	153	70	1	0
*	3p	+	54	17148	12738	11414	21624	62924	66	1123	145	68	84	180	101	64	104	65	67	144	70	4	14	47	17	122	67	3	0
*	3p	+	55	14629	10933	9807	18531	53900	50	1019	108	84	71	154	102	63	94	55	53	106	52	7	12	25	23	101	60	5	0
*	3p	+	56	12641	9258	8302	16022	46223	36	775	102	53	50	124	73	58	78	50	52	92	42	4	12	25	11	80	49	3	0
*	3p	+	57	10795	8028	7193	13701	39717	43	683	77	70	55	96	81	29	76	48	37	89	30	2	4	19	10	55	45	1	0
*	3p	+	58	9419	6887	6103	11814	34223	42	581	77	37	43	106	50	39	62	39	38	59	24	2	2	23	12	67	37	1	0
*	3p	+	59	7963	5933	5278	10313	29487	19	528	77	42	28	75	38	34	47	28	30	51	20	2	7	15	13	46	37	2	0
*	3p	+	60	6902	5245	4536	8826	25509	23	446	64	34	29	102	37	28	25	21	34	50	21	2	2	4	2	41	20	1	0
*	3p	+	61	6079	4475	3830	7641	22025	25	393	47	55	41	75	32	16	40	24	33	67	7	0	3	11	6	29	9	1	0
*	3p	+	62	5236	3878	3356	6558	19028	14	338	41	47	44	101	30	29	20	24	26	71	9	3	1	4	3	21	5	0	0
*	3p	+	63	4612	3361	2901	5641	16515	32	303	36	34	37	73	27	21	26	33	18	40	4	1	0	7	7	17	12	1	0
*	3p	+	64	3867	2931	2577	4924	14299	22	254	58	22	20	74	23	25	33	27	17	38	1	1	0	5	4	17	6	0	0
*	3p	+	65	3401	2428	2186	4295	12310	16	206	35	25	21	45	24	18	46	25	22	31	3	1	1	3	2	13	8	0	0
*	3p	+	66	3053	2132	1851	3554	10590	19	154	38	25	17	55	21	17	22	21	10	26	3	1	2	3	2	10	7	0	0
*	3p	+	67	2527	1837	1605	3146	9115	13	162	35	15	25	55	14	19	23	19	11	21	4	0	0	1	0	11	3	1	0
*	3p	+	68	2121	1609	1348	2794	7872	12	137	21	16	20	44	19	12	19	16	12	29	4	0	1	2	0	7	6	0	0
*	3p	+	69	1848	1388	1185	2341	6762	13	107	27	19	14	33	9	10	12	11	6	23	2	0	0	2	0	8	4	0	0
*	3p	+	70	1586	1226	1008	2060	5880	16	101	18	12	9	28	14	15	20	13	10	17	2	0	0	2	0	7	3	0	0
*	3p	-	1	724819	432184	517577	406369	2080949	103656	993	2777	1726	515	635	1219	1467	965	1137	436	1625	0	0	0	0	0	0	0	0	7
*	3p	-	2	704738	411857	443538	525240	2085373	53188	842	2393	1966	385	526	782	821	700	847	278	1188	0	0	0	0	67	56	25	19	7
*	3p	-	3	710263	391776	451524	536268	2089831	37655	742	2185	2027	327	478	469	596	454	615	227	623	11	6	2	8	136	90	54	57	1
*	3p	-	4	694602	380852	453712	563125	2092291	29051	716	2045	2029	268	476	218	458	348	502	184	304	30	18	11	5	187	154	99	96	0
*	3p	-	5	690056	391702	443286	568344	2093388	21837	723	2052	1860	268	442	222	507	303	476	179	315	66	69	28	31	295	225	147	157	0
*	3p	-	6	682451	398761	431439	581244	2093895	16803	748	2050	1923	273	434	220	497	352	464	180	312	123	81	44	61	395	317	289	279	0
*	3p	-	7	676710	398806	433402	585586	2094504	13287	870	2059	1838	260	397	246	448	339	468	159	323	167	145	87	86	371	332	285	281	0
*	3p	-	8	669250	401869	437047	586849	2095015	10752	1173	2025	1846	257	464	223	418	313	423	173	359	202	163	107	102	320	332	290	299	0
*	3p	-	9	666227	405549	430779	592880	2095435	8401	1350	2001	1862	217	386	246	447	341	439	147	329	210	178	97	120	297	286	224	279	0
*	3p	-	10	652127	410877	434917	597703	2095624	7091	1400	1949	1789	224	376	217	405	320	406	148	287	192	190	102	112	300	280	258	248	0
*	3p	-	11	644917	414058	434778	602032	2095785	5832	1461	1982	1826	233	352	167	394	280	423	138	307	221	193	91	90	265	283	234	238	0
*	3p	-	12	639189	418123	432733	605834	2095879	5014	1464	1964	1825	213	357	221	364	247	370	137	304	177	158	98	109	276	256	209	227	0
*	3p	-	13	639623	417041	435895	603364	2095923	4389	1511	1976	1801	235	343	203	365	245	403	161	305	192	182	106	104	286	244	214	205	0
*	3p	-	14	636267	419242	435178	605224	2095911	3987	1570	1890	1851	247	343	194	373	254	398	189	287	184	189	96	101	264	278	210	237	0
*	3p	-	15	634527	422317	433391	605697	2095932	3465	1629	1921	1825	231	347	207	424	335	450	180	341	189	191	83	106	267	281	215	212	0
*	3p	-	16	630634	423860	433253	608166	2095913	3205	1624	2011	1804	230	369	215	373	297	443	171	324	169	189	104	89	289	272	231	209	0
*	3p	-	17	626230	427403	432318	609976	2095927	2947	1646	1996	1861	246	367	205	385	286	451	173	297	159	171	109	103	268	261	232	222	0
*	3p	-	18	622744	431117	428381	613705	2095947	2739	1902	1956	1886	247	392	207	388	275	403	186	302	168	174	113	102	239	288	222	210	0
*	3p	-	19	620694	430709	428853	615669	2095925	2592	2010	1878	1831	255	350	206	373	240	421	156	326	173	158	103	111	259	265	217	232	0
*	3p	-	20	618602	429814	427215	620261	2095892	2436	2053	1900	1847	223	390	216	337	265	440	169	306	141	150	89	110	261	281	218	215	0
*	3p	-	21	617729	428945	425371	623782	2095827	2328	2523	1978	1897	255	353	203	357	269	434	160	316	173	156	98	89	234	267	261	228	0
*	3p	-	22	618448	429347	423033	624881	2095709	2220	3105	1988	1857	207	370	218	423	276	456	167	348	179	149	122	113	264	315	239	227	0
*	3p	-	23	616979	429175	420253	629110	2095517	2054	3807	1984	1763	261	384	230	423	269	483	170	339	186	156	105	116	267	382	263	244	0
*	3p	-	24	614557	430411	416313	633783	2095064	1923	4522	1959	1814	230	390	203	361	257	459	175	337	194	188	126	144	295	574	342	268	0
*	3p	-	25	612476	429299	415375	637122	2094272	1836	5977	2082	1891	229	387	254	432	319	544	182	372	274	202	144	221	309	1000	475	302	0
*	3p	-	26	609643	430756	412107	640304	2092810	1799	7804	2047	1824	281	703	269	496	375	559	198	457	555	193	202	556	318	2088	530	325	0
*	3p	-	27	604360	435004	408863	644183	2092410	1625	9967	1987	1940	820	897	300	514	420	612	796	505	664	247	172	532	296	2139	410	253	0
*	3p	-	28	596051	437525	405613	652615	2091804	1503	13226	2061	2041	959	1312	251	508	424	605	998	956	629	170	171	543	190	2075	388	194	0
*	3p	-	29	589604	438254	405799	656975	2090632	1546	17899	2109	2141	1063	1467	282	804	393	729	1030	1051	587	157	143	544	172	2123	346	131	0
*	3p	-	30	570821	445416	410849	662104	2089190	1619	27385	2143	2208	1211	1473	496	1044	568	842	1207	1153	585	113	121	504	112	2058	318	101	0
*	3p	-	31	511803	396807	365904	599533	1874047	1422	25532	2063	1947	1176	1466	627	959	669	796	1083	1065	593	115	120	478	107	1960	261	66	0
*	3p	-	32	453011	352735	323106	536767	1665619	1264	24240	1993	1704	1074	1366	607	901	633	802	1063	997	524	105	102	451	99	1863	241	69	0
*	3p	-	33	398495	310424	282455	479748	1471122	1131	22400	1784	1502	1040	1317	550	807	592	683	990	934	443	110	110	424	59	1656	211	47	0
*	3p	-	34	350191	271497	244761	425225	1291674	895	20479	1646	1371	891	1205	504	685	592	612	839	782	476	75	97	352	65	1530	197	36	0
*	3p	-	35	304334	237898	212838	374248	1129318	787	18454	1474	1271	845	1106	562	663	534	626	817	684	424	73	89	333	69	1437	168	31	0
*	3p	-	36	264903	206563	184269	328174	983909	705	16626	1354	1118	792	893	524	610	565	518	706	638	377	57	83	301	43	1360	146	36	0
*	3p	-	37	229126	179492	159541	285441	853600	629	14692	1166	917	682	919	464	541	465	452	664	608	348	55	84	283	38	1405	160	47	0
*	3p	-	38	197852	154954	137490	248671	738967	595	12984	1030	772	592	1438	393	489	442	422	523	782	394	45	105	323	54	1554	172	44	0
*	3p	-	39	170721	133633	118436	216100	638890	460	11389	879	951	896	1408	376	409	419	390	871	711	348	41	80	279	52	1325	305	41	0
*	3p	-	40	147658	115955	102277	186286	552176	426	10372	813	770	842	1716	313	363	364	323	806	895	312	27	95	266	35	1193	264	32	0
*	3p	-	41	128609	99238	88465	160833	477145	562	9198	680	661	705	1497	272	465	326	482	687	851	276	26	51	237	39	1068	225	25	0
*	3p	-	42	110786	86055	76451	139622	412914	463	8361	871	594	664	1208	612	475	626	474	623	761	276	16	47	215	27	896	188	19	0
*	3p	-	43	94843	73668	65171	119566	353248	414	7220	817	495	521	1058	595	421	578	385	537	613	233	28	54	222	24	782	162	25	0
*	3p	-	44	81414	63239	55423	101963	302039	358	6149	684	413	482	912	502	342	487	356	429	518	200	15	42	187	42	661	135	15	0
*	3p	-	45	68992	53814	47402	87687	257895	309	5138	550	354	393	785	437	287	433	306	383	447	186	18	48	179	31	599	112	6	0
*	3p	-	46	59450	45655	40507	74639	220251	259	4530	499	277	306	688	393	275	334	237	303	389	147	17	33	161	18	453	102	6	0
*	3p	-	47	50681	38933	34350	64179	188143	244	3662	459	234	302	568	312	197	299	192	284	290	123	13	29	133	20	387	80	8	0
*	3p	-	48	43057	33155	29332	54938	160482	165	3068	360	204	239	487	278	164	269	198	244	304	81	10	31	103	20	351	59	5	0
*	3p	-	49	36847	28543	24576	47127	137093	149	2714	308	179	221	341	239	163	216	169	225	210	98	8	18	87	17	296	52	7	0
*	3p	-	50	31613	24250	21221	40092	117176	117	2285	301	173	180	353	199	137	204	115	154	199	59	7	21	88	8	258	51	6	0
*	3p	-	51	27144	20617	17994	34316	100071	95	1906	235	125	153	300	165	113	194	123	121	152	53	9	6	58	21	227	46	5	0
*	3p	-	52	23225	17555	15563	29398	85741	111	1558	192	109	131	235	145	86	163	88	138	141	49	3	17	47	11	173	32	3	0
*	3p	-	53	19923	15105	13098	25276	73402	78	1356	171	101	103	228	106	99	129	88	97	116	60	6	19	57	9	149	25	2	0
*	3p	-	54	17164	12800	11217	21617	62798	75	1054	127	90	80	182	126	65	99	67	92	104	37	4	10	53	3	127	28	1	0
*	3p	-	55	14582	11044	9764	18473	53863	76	1004	117	75	83	153	88	54	101	52	78	79	37	2	11	39	11	125	25	0	0
*	3p	-	56	12545	9560	8377	15857	46339	49	904	112	54	52	141	65	54	61	53	63	75	30	2	4	28	4	102	20	3	0
*	3p	-	57	10802	8105	7130	13787	39824	37	735	83	58	61	97	69	44	68	46	65	65	24	1	6	24	2	87	19	2	0
*	3p	-	58	9363	6933	6208	11696	34200	30	599	75	39	52	97	50	28	64	38	47	67	25	0	6	26	2	55	15	1	0
*	3p	-	59	8108	5954	5184	10151	29397	28	489	60	42	38	71	35	26	54	28	43	44	19	2	2	17	2	51	11	0	0
*	3p	-	60	7045	5158	4586	8627	25416	18	456	64	38	36	103	45	24	47	23	32	61	7	0	4	12	0	32	7	1	0
*	3p	-	61	6005	4518	3930	7444	21897	23	390	56	55	51	98	30	19	28	28	29	60	6	0	0	9	4	25	4	1	0
*	3p	-	62	5247	3828	3376	6489	18940	17	334	41	38	44	90	23	20	28	27	39	53	5	1	1	7	3	25	5	1	0
*	3p	-	63	4432	3283	3018	5725	16458	32	281	45	35	37	89	24	36	25	33	24	51	6	1	2	7	0	12	7	0	0
*	3p	-	64	3909	2839	2462	5039	14249	20	254	44	32	32	56	34	24	46	32	21	38	7	1	0	6	1	19	2	0	0
*	3p	-	65	3488	2535	2170	4145	12338	26	255	39	19	30	64	25	20	32	24	16	25	1	0	1	5	0	11	3	0	0
*	3p	-	66	2953	2150	1864	3685	10652	10	161	34	30	15	65	25	18	19	21	25	24	2	0	1	3	0	13	2	0	0
*	3p	-	67	2580	1842	1563	3189	9174	5	158	32	20	15	48	24	15	16	14	16	24	2	0	0	3	0	8	2	1	0
*	3p	-	68	2156	1653	1406	2739	7954	9	141	18	18	13	33	17	8	12	20	12	19	0	1	0	1	0	14	0	0	0
*	3p	-	69	1887	1399	1214	2382	6882	11	126	20	10	7	38	18	9	15	17	9	12	0	0	1	0	0	6	4	1	0
*	3p	-	70	1683	1172	1105	2022	5982	10	82	23	18	13	22	9	6	20	14	11	20	2	1	0	2	0	4	1	0	0
*	5p	+	1	397307	517186	455399	708978	2078870	838	102895	9591	2629	1029	1060	8733	1612	8665	591	1337	1378	0	0	0	0	0	0	0	0	230
*	5p	+	2	559638	438061	404872	678990	2081561	5157	52708	2049	2146	772	816	308	7113	384	5354	830	774	5	4	53	204	1915	125	55	59	229
*	5p	+	3	530286	440864	388697	716313	2076160	712	39709	2010	2070	395	5433	179	633	249	395	555	4573	276	210	287	230	210	11770	222	122	15
*	5p	+	4	562172	462413	385760	665786	2076131	838	27882	2178	6291	8226	564	301	474	441	616	7006	545	848	87	669	959	358	435	14342	253	0
*	5p	+	5	582251	432842	399408	670062	2084563	1162	22798	2340	2138	1489	20641	485	832	735	1227	1071	13015	2684	333	436	502	553	7189	531	498	0
*	5p	+	6	586709	429875	404475	670182	2091241	1277	17333	2412	1954	291	3441	430	943	670	1300	244	2469	4550	723	487	4802	520	1704	826	469	0
*	5p	+	7	588231	434501	401213	669604	2093549	878	13567	1891	1820	256	650	152	316	188	352	206	618	844	233	217	656	370	985	406	376	0
*	5p	+	8	592180	436143	403474	663246	2095043	1377	10622	2108	1921	249	479	278	544	406	701	228	440	286	193	184	182	342	403	319	299	0
*	5p	+	9	598788	431667	407843	657392	2095690	1309	8511	1926	1891	236	350	157	285	200	346	187	301	174	197	144	107	274	351	308	275	0
*	5p	+	10	602162	436389	410973	646526	2096050	1683	7076	2216	1782	241	463	312	643	461	786	228	402	203	181	119	115	327	312	245	240	0
*	5p	+	11	607273	434601	413804	640514	2096192	1473	5907	1873	1867	195	328	154	300	229	335	180	289	217	205	122	94	299	293	250	249	0
*	5p	+	12	610077	433617	419422	633221	2096337	1488	5082	1931	1853	213	318	147	285	196	324	173	326	213	195	115	98	278	323	217	227	0
*	5p	+	13	608244	436510	418309	633363	2096426	1506	4235	1937	1810	208	314	170	302	232	308	185	309	192	200	111	84	250	303	228	222	0
*	5p	+	14	610623	436086	419195	630617	2096521	1539	3787	1849	1789	221	326	143	293	212	323	171	273	220	188	108	95	260	265	200	207	0
*	5p	+	15	611637	433542	421628	629671	2096478	1524	3330	1899	1845	225	296	168	313	220	334	155	319	192	205	101	101	266	268	220	246	0
*	5p	+	16	611660	434137	424009	626648	2096454	1937	3190	2257	1833	266	493	432	685	586	892	200	423	200	167	107	100	301	267	224	233	0
*	5p	+	17	614154	433868	426327	622206	2096555	1763	2871	1977	1788	230	375	246	436	294	520	176	335	189	183	111	91	238	251	225	211	0
*	5p	+	18	619201	429948	429212	618200	2096561	1837	2629	2018	1799	188	400	214	362	249	409	180	337	168	195	88	95	242	260	195	219	0
*	5p	+	19	622158	428628	429190	616529	2096505	2002	2352	1911	1687	207	377	147	299	216	320	151	294	174	159	98	104	267	275	210	210	0
*	5p	+	20	624436	427053	430696	614273	2096458	2295	2246	2001	1900	223	320	159	258	204	316	170	297	152	176	105	96	280	254	240	215	0
*	5p	+	21	629138	424903	428767	613604	2096412	2509	2156	1886	1868	217	360	149	294	220	355	148	282	144	149	93	92	277	262	220	248	0
*	5p	+	22	630628	422294	429050	614401	2096373	3223	2008	1890	1783	197	320	150	296	192	317	148	282	149	148	117	110	265	259	238	248	0
*	5p	+	23	636501	419865	428663	611272	2096301	3788	1938	1907	1830	224	338	169	318	176	322	166	286	173	140	99	124	315	241	219	252	0
*	5p	+	24	640563	417329	429263	609067	2096222	5085	1821	2027	1817	244	362	273	502	315	538	188	340	178	136	108	111	300	234	248	245	0
*	5p	+	25	643879	414639	428859	608729	2096106	5947	1654	2012	1832	211	333	174	335	212	374	173	325	185	144	120	100	267	275	220	231	0
*	5p	+	26	647618	411754	431574	605199	2096145	7734	1606	2043	1957	298	445	286	542	331	611	182	346	110	124	81	89	197	171	171	171	0
*	5p	+	27	654148	407024	435353	599435	2095960	10164	1692	2044	2004	281	774	308	550	799	702	191	537	93	95	62	69	152	129	104	122	0
*	5p	+	28	659579	403838	439847	592165	2095429	13274	1367	1957	1936	251	408	256	401	266	402	183	377	71	59	48	66	119	96	77	95	0
*	5p	+	29	666350	405197	438643	584295	2094485	17484	1255	1984	1877	251	380	271	441	279	426	196	428	61	61	36	56	97	92	65	57	0
*	5p	+	30	670743	409597	445924	566847	2093111	27359	1282	2225	1927	335	538	506	726	609	749	242	619	52	44	27	41	76	57	39	44	0
*	5p	+	31	608365	362943	398503	507079	1876890	25602	1032	1934	1618	255	381	310	514	332	431	173	491	39	34	33	40	62	47	42	29	0
*	5p	+	32	544892	320149	353700	450081	1668822	24230	858	1656	1413	213	289	303	395	284	407	156	398	48	28	21	24	59	59	19	36	0
*	5p	+	33	486171	280292	310971	396641	1474075	22274	777	1516	1315	207	287	308	452	320	434	139	407	31	20	20	19	45	31	19	19	0
*	5p	+	34	430958	243464	271516	348364	1294302	20200	614	1289	1039	156	198	206	321	225	274	93	340	32	25	13	16	37	31	23	21	0
*	5p	+	35	379101	211094	238339	302550	1131084	18325	582	1160	973	139	219	220	356	237	351	99	281	27	25	14	19	35	37	14	17	0
*	5p	+	36	332138	182543	207695	263158	985534	16301	418	951	851	115	142	181	225	167	237	75	226	22	20	14	15	32	22	20	26	0
*	5p	+	37	290371	158332	180368	226658	855729	14536	412	839	723	120	140	138	222	131	224	73	223	17	13	13	11	22	27	11	16	0
*	5p	+	38	252808	135669	155858	196634	740969	12722	327	670	640	88	102	125	169	95	148	45	180	9	9	4	14	35	24	13	8	0
*	5p	+	39	219258	117053	135013	169184	640508	11420	277	640	556	83	99	92	150	88	128	48	168	11	16	6	13	27	20	11	14	0
*	5p	+	40	189973	100669	116194	146873	553709	10143	276	595	468	64	113	113	182	119	164	52	160	9	9	6	4	18	16	6	16	0
*	5p	+	41	164139	86812	100486	126662	478099	9014	220	471	412	75	55	85	127	85	97	49	118	7	7	8	5	23	17	11	7	0
*	5p	+	42	142891	75238	86425	108846	413400	8177	198	405	338	40	63	85	107	73	86	33	132	6	6	5	2	16	8	4	6	0
*	5p	+	43	122011	64223	74438	93421	354093	6986	161	359	335	37	79	83	137	93	136	28	106	8	4	2	3	8	11	6	8	0
*	5p	+	44	105125	54248	63442	79519	302334	6155	142	341	225	35	65	76	102	93	119	40	91	4	8	3	2	5	12	8	2	0
*	5p	+	45	89922	46243	54149	68219	258533	5022	116	272	231	33	34	49	74	34	55	34	58	6	6	4	2	4	2	5	3	0
*	5p	+	46	77320	39157	45994	58460	220931	4377	102	236	201	22	23	37	46	37	45	24	56	9	5	2	5	7	7	2	1	0
*	5p	+	47	66682	33381	39115	49816	188994	3733	83	200	140	17	37	27	44	39	51	14	50	2	2	4	3	6	5	3	4	0
*	5p	+	48	56552	28524	33721	42439	161236	3243	67	138	147	17	28	32	41	26	38	14	37	2	2	2	2	12	5	1	6	0
*	5p	+	49	48008	24404	28774	36379	137565	2690	72	177	114	18	22	26	42	16	24	11	42	3	6	1	0	4	6	4	1	0
*	5p	+	50	41210	20626	24452	31154	117442	2162	50	120	85	17	20	14	31	23	26	5	28	3	0	0	1	3	4	3	2	0
*	5p	+	51	35546	17738	20650	26544	100478	1805	48	121	82	23	15	32	28	15	23	7	21	1	0	1	0	4	3	2	0	0
*	5p	+	52	30173	15039	17927	22850	85989	1489	45	98	78	14	17	18	32	25	33	6	17	0	0	1	1	6	5	0	2	0
*	5p	+	53	25887	12862	15177	19699	73625	1349	38	83	73	14	11	20	17	8	21	6	21	2	2	0	0	5	3	0	0	0
*	5p	+	54	22141	11200	13121	16711	63173	1159	25	65	39	8	12	8	23	8	8	6	21	3	1	1	2	2	1	0	1	0
*	5p	+	55	19192	9486	11055	14380	54113	994	14	54	48	10	10	11	17	16	12	2	18	2	2	1	0	1	0	0	0	0
*	5p	+	56	16561	8023	9598	12206	46388	841	29	57	57	3	7	7	12	5	11	7	15	0	2	0	0	3	1	0	1	0
*	5p	+	57	14041	6946	8315	10580	39882	719	16	44	25	3	7	7	2	1	10	5	11	0	1	1	0	0	3	2	0	0
*	5p	+	58	12136	6006	6983	9259	34384	565	13	46	32	3	7	11	15	16	14	4	6	0	0	0	0	0	0	0	2	0
*	5p	+	59	10451	5211	6037	7919	29618	521	11	22	27	3	4	5	4	8	1	5	12	1	1	1	0	0	2	0	1	0
*	5p	+	60	8913	4432	5286	6967	25598	469	9	36	17	2	4	3	13	3	5	6	8	0	1	0	0	1	1	0	0	0
*	5p	+	61	7825	3915	4565	5792	22097	395	8	13	17	0	4	3	6	2	8	2	4	1	0	0	0	1	0	1	2	0
*	5p	+	62	6705	3326	3930	5097	19058	326	3	21	15	0	2	4	7	2	4	2	4	0	2	1	0	3	0	1	0	0
*	5p	+	63	5777	2824	3443	4504	16548	283	9	16	13	1	3	3	4	2	5	1	7	2	1	0	1	1	0	1	1	0
*	5p	+	64	5118	2394	2908	3913	14333	261	4	7	13	2	8	8	3	6	8	0	2	0	1	0	2	1	0	0	1	0
*	5p	+	65	4406	2102	2506	3323	12337	217	6	15	14	2	2	7	4	6	9	3	3	1	0	0	0	1	0	1	2	0
*	5p	+	66	3694	1853	2186	2880	10613	206	4	10	13	1	1	2	4	1	4	1	2	1	0	0	0	2	0	0	0	0
*	5p	+	67	3249	1603	1826	2449	9127	158	5	6	8	0	0	1	2	0	3	1	0	0	0	0	0	1	0	0	0	0
*	5p	+	68	2776	1371	1575	2158	7880	158	3	8	9	0	0	1	1	1	5	0	0	0	0	0	0	0	0	0	0	0
*	5p	+	69	2426	1181	1402	1765	6774	106	1	6	4	1	0	0	0	1	0	1	3	0	0	0	0	0	1	0	0	0
*	5p	+	70	2121	963	1168	1627	5879	99	2	7	10	1	2	0	1	1	6	0	0	0	0	0	0	0	0	1	0	0
*	5p	-	1	397267	518430	455017	707589	2078303	895	103775	9409	2612	969	1001	8843	1554	8730	550	1221	1398	0	0	0	0	0	0	0	0	102
*	5p	-	2	560291	439472	403771	679263	2082797	5511	52955	2033	2096	720	848	293	7225	385	6425	800	755	0	5	88	331	133	3	0	1	102
*	5p	-	3	536904	441675	392600	715113	2086292	668	40536	2090	2035	450	10773	205	619	266	402	573	8496	270	9	0	157	9	1214	17	7	7
*	5p	-	4	569130	466420	388370	665437	2089357	826	28049	2226	5916	14335	557	333	496	473	701	13512	493	85	5	35	110	46	68	1202	33	0
*	5p	-	5	571895	433336	389366	679244	2073841	1112	24255	2374	2010	384	13240	496	816	694	1261	298	4398	305	140	117	194	520	17665	642	487	0
*	5p	-	6	588084	427025	402367	665369	2082845	1292	16801	2345	1909	298	888	460	895	741	1307	204	732	5608	533	657	4815	558	7881	2651	561	0
*	5p	-	7	588437	433178	401198	666534	2089347	933	13088	1967	1863	229	337	161	321	221	384	203	407	1872	191	559	1771	483	4094	963	421	0
*	5p	-	8	592322	437587	403363	659453	2092725	1366	10512	2042	1862	290	452	274	567	385	709	181	395	620	348	338	571	350	1976	525	347	0
*	5p	-	9	599346	431923	406543	656696	2094508	1314	8237	1966	1807	215	360	183	306	203	322	221	358	286	173	197	250	302	939	311	276	0
*	5p	-	10	602964	435917	411430	645023	2095334	1684	7108	2223	2026	257	459	340	619	438	789	182	401	195	139	148	123	261	467	286	248	0
*	5p	-	11	608965	433243	414042	639460	2095710	1512	5714	1867	1929	217	332	154	284	187	338	187	342	168	136	134	103	238	334	245	201	0
*	5p	-	12	610047	434465	418974	632347	2095833	1536	4846	1920	1817	216	312	158	284	209	317	175	329	127	124	110	83	223	322	200	240	0
*	5p	-	13	609269	436973	417021	632689	2095952	1537	4262	1937	1846	229	316	157	300	183	306	148	303	130	141	100	112	214	255	234	215	0
*	5p	-	14	612775	434950	418789	629458	2095972	1556	3753	1919	1862	240	314	155	304	193	315	162	307	144	155	102	105	228	260	212	218	0
*	5p	-	15	612623	434306	421076	627964	2095969	1561	3422	1910	1828	242	323	147	307	169	302	150	308	126	136	93	82	249	243	237	206	0
*	5p	-	16	615168	433588	424061	623119	2095936	1924	3228	2216	1866	292	480	391	736	598	948	216	410	169	142	104	100	243	263	236	227	0
*	5p	-	17	616905	432172	426514	620298	2095889	1850	2842	2003	1808	228	391	253	435	300	500	160	333	182	163	115	117	266	273	242	237	0
*	5p	-	18	622439	430137	429699	613671	2095946	1867	2632	1986	1824	238	353	213	355	243	397	184	317	169	164	120	81	268	256	231	209	0
*	5p	-	19	623129	428717	429568	614588	2096002	1970	2435	1909	1825	210	297	153	289	192	326	156	279	172	199	111	81	240	257	198	192	0
*	5p	-	20	627782	426862	429473	611817	2095934	2169	2364	1894	1787	231	336	169	302	212	288	139	306	167	169	114	88	268	249	200	226	0
*	5p	-	21	628889	424939	429519	612508	2095855	2708	2173	1950	1773	222	308	159	289	218	298	147	308	176	178	85	95	288	251	243	223	0
*	5p	-	22	632910	423482	427984	611376	2095752	2903	2067	1844	1733	226	322	168	324	208	325	155	281	173	163	110	121	273	314	239	239	0
*	5p	-	23	637238	420038	428330	610059	2095665	3821	1942	1864	1781	202	335	165	325	181	301	152	293	207	204	112	118	299	291	242	253	0
*	5p	-	24	641676	416273	429964	607581	2095494	4879	1899	2014	1825	250	376	247	494	324	548	170	304	215	209	101	109	304	354	271	240	0
*	5p	-	25	644402	414632	428752	607645	2095431	6051	1718	1860	1814	208	298	158	307	230	332	148	299	199	188	98	106	299	298	210	268	0
*	5p	-	26	649481	411625	431494	602755	2095355	7836	1592	2158	1905	290	424	253	475	357	562	176	346	186	187	89	86	260	260	174	203	0
*	5p	-	27	653851	407245	436125	597939	2095160	10186	1702	2105	1974	291	804	300	532	795	711	188	490	165	136	73	91	221	197	152	132	0
*	5p	-	28	662184	405249	437396	589839	2094668	13167	1324	1915	1835	241	403	219	461	242	382	179	296	150	122	72	76	204	183	135	138	0
*	5p	-	29	668036	404901	438950	581857	2093744	17671	1207	2022	1935	292	389	294	471	265	441	184	406	141	111	61	55	196	148	87	102	0
*	5p	-	30	672672	409008	446330	564381	2092391	26962	1299	2361	1953	374	545	490	737	556	796	237	598	85	101	48	43	149	119	58	72	0
*	5p	-	31	608675	364310	398335	505696	1877016	25660	1045	1901	1677	248	345	337	452	339	448	208	465	80	82	47	42	129	108	58	49	0
*	5p	-	32	546748	320064	352514	449128	1668454	23996	948	1688	1506	223	253	299	423	265	399	164	469	97	73	25	31	101	90	36	44	0
*	5p	-	33	486733	280969	310928	394988	1473618	22122	839	1471	1261	169	273	330	432	339	430	120	411	59	52	21	26	74	63	29	37	0
*	5p	-	34	430334	244009	272094	347573	1294010	20154	650	1232	1076	153	213	232	331	213	268	103	310	56	42	17	16	75	56	28	33	0
*	5p	-	35	379269	211605	238186	302521	1131581	18311	557	1141	966	132	202	249	343	254	344	102	344	46	44	19	16	45	52	14	26	0
*	5p	-	36	332913	183296	207881	261838	985928	16603	478	842	790	94	160	171	243	150	187	79	239	41	50	11	14	53	39	20	18	0
*	5p	-	37	290252	158818	179851	226710	855631	14716	404	841	738	115	152	155	227	156	215	82	260	38	38	21	14	45	37	23	20	0
*	5p	-	38	252860	136146	156285	195925	741216	12747	335	728	623	86	112	130	207	109	137	48	162	24	22	8	13	45	39	16	18	0
*	5p	-	39	220084	117980	134281	168642	640987	11477	277	632	554	81	113	93	191	115	112	61	179	20	32	10	14	28	22	23	13	0
*	5p	-	40	190177	101312	116500	146092	554081	10061	254	569	436	61	105	132	164	112	172	57	142	21	17	3	8	31	20	15	14	0
*	5p	-	41	165540	87141	100016	126148	478845	8921	199	472	437	51	64	59	121	81	106	36	122	14	13	6	6	26	31	11	10	0
*	5p	-	42	143265	75049	87137	109014	414465	8161	186	415	349	46	73	75	109	74	109	41	124	13	16	2	5	29	11	10	9	0
*	5p	-	43	123059	63547	74449	93542	354597	6968	164	385	320	46	102	101	123	80	126	39	119	13	14	3	4	15	27	9	7	0
*	5p	-	44	104945	55105	63563	79525	303138	5959	151	341	265	35	62	83	106	63	103	39	99	12	2	4	8	22	22	17	8	0
*	5p	-	45	90520	46281	53883	68174	258858	5066	128	263	237	22	37	45	61	42	55	20	63	11	7	1	2	22	13	11	10	0
*	5p	-	46	77024	39347	46468	58123	220962	4319	79	226	201	28	42	30	53	32	45	19	57	7	10	4	5	16	12	5	7	0
*	5p	-	47	66066	33626	39488	49584	188764	3678	99	190	160	17	25	26	35	33	39	12	62	9	8	1	4	15	12	4	6	0
*	5p	-	48	56642	28408	33710	42262	161022	3145	59	142	129	12	25	21	51	28	26	13	47	9	5	1	3	9	7	6	5	0
*	5p	-	49	48230	24342	28701	36287	137560	2619	60	153	121	15	25	23	40	23	34	8	38	6	3	0	3	6	9	3	5	0
*	5p	-	50	41248	20821	24645	30858	117572	2229	49	105	108	13	19	30	24	16	32	10	30	5	2	2	2	11	5	3	4	0
*	5p	-	51	35264	17579	21002	26582	100427	1813	59	110	98	10	20	19	25	22	27	6	22	6	2	2	4	6	4	2	0	0
*	5p	-	52	30201	15242	18038	22491	85972	1660	38	86	67	14	26	15	35	32	25	11	29	2	1	0	3	11	6	0	2	0
*	5p	-	53	25915	13096	15129	19482	73622	1305	35	74	56	10	12	18	19	24	11	1	15	4	3	0	2	7	1	1	4	0
*	5p	-	54	22387	10925	12908	16785	63005	1146	24	63	61	6	15	10	24	5	15	7	18	1	3	1	0	2	4	1	2	0
*	5p	-	55	19186	9249	11027	14582	54044	958	21	65	45	7	6	9	10	9	14	1	9	3	5	2	0	2	4	2	1	0
*	5p	-	56	16321	8073	9660	12418	46472	835	17	37	37	11	7	12	11	5	9	2	10	4	3	2	0	3	2	1	2	0
*	5p	-	57	14036	7002	8158	10767	39963	692	23	34	25	6	7	7	6	4	7	1	10	4	1	0	1	4	1	2	0	0
*	5p	-	58	12165	5926	7041	9159	34291	618	11	54	32	9	6	11	18	12	18	6	14	0	1	2	1	2	1	2	2	0
*	5p	-	59	10464	4965	5985	8060	29474	531	12	24	15	5	5	5	11	5	3	3	6	2	0	0	1	4	3	1	0	0
*	5p	-	60	8935	4411	5412	6705	25463	430	10	30	23	2	2	7	7	6	12	2	3	0	1	0	1	3	1	1	1	0
*	5p	-	61	7737	3781	4509	5912	21939	378	8	22	21	1	2	7	3	5	5	3	2	1	0	0	1	3	0	1	1	0
*	5p	-	62	6681	3356	3907	5031	18975	356	6	28	10	3	4	6	4	3	3	2	4	0	0	0	1	0	0	1	0	0
*	5p	-	63	5818	2919	3352	4392	16481	268	10	14	15	2	3	5	4	2	2	1	5	1	0	0	0	1	0	1	2	0
*	5p	-	64	5124	2424	2924	3801	14273	251	7	15	10	6	3	6	2	2	7	2	1	0	0	0	1	2	1	1	2	0
*	5p	-	65	4359	2108	2543	3329	12339	218	3	18	5	1	2	4	4	2	4	0	3	0	0	0	0	1	2	1	1	0
*	5p	-	66	3722	1828	2212	2898	10660	194	9	6	10	1	1	2	1	4	0	0	1	1	0	0	0	0	2	2	1	0
*	5p	-	67	3256	1535	1873	2519	9183	144	8	8	8	2	1	3	5	2	3	0	2	0	1	0	0	1	2	1	0	0
*	5p	-	68	2860	1330	1649	2134	7973	154	0	4	7	1	2	0	3	2	3	0	3	0	0	0	0	0	0	0	0	0
*	5p	-	69	2463	1139	1435	1862	6899	128	2	3	6	0	2	1	1	1	2	3	3	1	0	2	0	0	0	0	0	0
*	5p	-	70	2128	960	1223	1689	6000	93	1	5	7	1	2	0	3	1	0	3	2	0	0	0	1	0	0	0	1	0
