Genome	Gene	MeanCoverage	sdCoverage	PercentCoverage	CV	Length	GC	GCCorrected
Brancorsini	addA	12.8354501834603	13.4911672744066	0.526672311600339	1.05108641158463	3543	0.6142	11.7118712878513
Brancorsini	fadJ	11.5316856780735	14.6186119265227	0.465779467680608	1.26769080727883	1578	0.5957	10.951384167622
Brancorsini	flgE	10.3895885810243	10.4973478402562	0.649034424853065	1.01037185047237	1191	0.576	10.3878040699027
Brancorsini	group_1013	12.7665229885057	13.1869573706513	0.540229885057471	1.03293256766341	1392	0.5869	12.4446453153183
Brancorsini	group_1085	9.94269340974212	10.2130536202022	0.546322827125119	1.02719184825665	1047	0.5664	10.2228258119995
Brancorsini	group_1363	12.2808302808303	12.7381667143012	0.573870573870574	1.03723986269762	819	0.5788	12.1968200033064
Brancorsini	group_1406	10.8977072310406	11.9433102709601	0.526455026455027	1.09594706645644	1134	0.5988	10.2263700506437
Brancorsini	group_15	12.5435087719298	13.1594309525463	0.578245614035088	1.0491028620313	2850	0.6028	11.7547062109584
Brancorsini	group_1538	11.1922773837667	12.3589545410955	0.504334121355398	1.10423947846583	1269	0.5902	10.7734907716053
Brancorsini	group_1609	10.3666666666667	10.6619674203046	0.802564102564103	1.02848560324482	390	0.5	12.5967243864625
Brancorsini	group_1618	10.8659420289855	12.0002075538891	0.550724637681159	1.10438722403248	828	0.599	10.1887315795599
Brancorsini	group_1792	7.89485458612975	10.1444785138208	0.642058165548098	1.28494811438875	447	0.4564	11.4052849541887
Brancorsini	group_1884	11.5814814814815	11.8767547215194	0.612962962962963	1.02549529095307	1080	0.6065	10.6840234434785
Brancorsini	group_1948	11.0833333333333	11.9916214178407	0.532051282051282	1.08195080461721	1248	0.5881	10.7262160459735
Brancorsini	group_1953	11.0989010989011	11.1708389637609	0.663919413919414	1.00648153039826	1092	0.6099	10.1015974874097
Brancorsini	group_1990	11.7879714576962	12.3338714837952	0.573904179408767	1.04630992092728	981	0.6126	10.711378714317
Brancorsini	group_2116	11.1810344827586	12.1008466113937	0.53735632183908	1.08226538698664	696	0.6034	10.374612114701
Brancorsini	group_2303	10.3873370577281	13.4351284017544	0.495344506517691	1.29341411827575	537	0.5158	12.1534065242542
Brancorsini	group_2349	11.7733773377338	12.5667081564504	0.5995599559956	1.06738345301938	909	0.5787	11.6923036947243
Brancorsini	group_2550	16.5103092783505	16.9429252567348	0.793814432989691	1.02620277858462	582	0.5275	17.9327925066959
Brancorsini	group_288	11.8589993502274	11.8775285545318	0.571150097465887	1.00156245934055	1539	0.6017	11.102499768914
Brancorsini	group_3062	11.5839793281654	11.665459918425	0.591731266149871	1.00703390328585	387	0.5504	12.3339732527212
Brancorsini	group_3159	9.39240506329114	11.6125809025488	0.609704641350211	1.23637990741422	474	0.519	11.0645022253576
Brancorsini	group_32	10.7072662919009	12.7047038320417	0.46824901103477	1.18654972106668	4803	0.594	10.1768875681936
Brancorsini	group_3350	8.42222222222222	10.9740037438455	0.449206349206349	1.30298197486292	630	0.5143	10.2323412064638
Brancorsini	group_3738	10.2097902097902	10.3354606902913	0.625874125874126	1.01230882103538	858	0.5734	10.2843581960421
Brancorsini	group_414	12.4278874925194	12.9985964337391	0.532016756433274	1.04592163725035	1671	0.5763	12.4172930778547
Brancorsini	group_429	10.3008474576271	11.4362834341673	0.525423728813559	1.11022743334573	1416	0.5847	10.0435757437557
Brancorsini	group_52	12.3963553530752	13.9180527847805	0.490508731966591	1.12275361494278	2634	0.6116	11.3491289548396
Brancorsini	group_660	9.32771535580524	10.1838309297941	0.649812734082397	1.0917819145774	534	0.5412	10.3478796556826
Brancorsini	group_898	9.37944066515495	10.1063752435958	0.582766439909297	1.07750297745808	1323	0.5548	10.0002226710787
Brancorsini	hutH	11.9899425287356	12.5822147858617	0.57183908045977	1.04939742252363	696	0.6193	10.7165952728939
Brancorsini	leuC	11.5787234042553	11.9456351238053	0.59290780141844	1.03168844325404	1410	0.6035	10.7693644016833
Brancorsini	sbmA	9.8926282051282	10.5229581439359	0.544070512820513	1.06371713620865	1248	0.5601	10.3577685817906
Brancorsini	tgt_1	12.3251231527094	15.412082240025	0.48440065681445	1.25046070932258	609	0.5961	11.7330751042004
Brancorsini	ugpB	12.2718894009217	13.3463226518004	0.494623655913978	1.08755239032696	1302	0.5645	12.607817858952
Brancorsini	uxaC	11.1937777777778	12.2107005041114	0.538666666666667	1.09084714262887	1125	0.56	11.6618547889545
Geridu	aaeA	0.988338192419825	1.06128366326788	0.583090379008746	1.07380618436839	1029	0.5811	1.00183812596906
Geridu	addA	1.43381315269546	1.80157948646443	0.545018346034434	1.25649529931958	3543	0.6142	1.54325833498614
Geridu	aldH1	1.37231968810916	1.65234618916555	0.596491228070175	1.20405340204819	513	0.5712	1.35712300647591
Geridu	alkB	2.74804381846635	3.07034431170745	0.69170579029734	1.11728360773409	639	0.5743	2.74183294562762
Geridu	ansB	1.65502645502646	1.92153789053599	0.634920634920635	1.16103152593127	945	0.5735	1.64649666378913
Geridu	aqpZ	2.54876273653566	2.76381144703488	0.593886462882096	1.0843737659126	687	0.5822	2.56545118288295
Geridu	argH	1.37597725657427	1.80644256222958	0.449182658137882	1.31284332905838	1407	0.5949	1.42947853249909
Geridu	bluB	1.02083333333333	1.03759906732084	0.568910256410256	1.01642357615103	624	0.5962	1.07810285165586
Geridu	carA	1.04983660130719	1.37372849626688	0.430555555555556	1.3085164820472	1224	0.6054	1.13377368121344
Geridu	ccmI	0.92719298245614	1.31010693206174	0.414912280701754	1.41298193240339	1140	0.6149	1.03866721834559
Geridu	ccoN	1.81119311193112	1.97539266365143	0.57380073800738	1.09065822448123	1626	0.5769	1.81251872388778
Geridu	ccoO	1.41666666666667	1.60365377384166	0.528688524590164	1.13199089918235	732	0.5888	1.45248618980228
Geridu	cinA	0.983935742971888	1.00888555957625	0.57429718875502	1.02535716054892	498	0.5924	1.03019039890113
Geridu	clpS	2.74928774928775	2.8505324424632	0.592592592592593	1.03682578995294	351	0.5242	2.59785461173763
Geridu	cobA_2	1.15775034293553	1.40635810402748	0.516460905349794	1.21473348084838	1458	0.6358	1.329806321988
Geridu	cobN	1.60627637130802	1.83284395602105	0.563291139240506	1.14105143346443	3792	0.6234	1.74238911518243
Geridu	cobT_1	0.927450980392157	1.56965563582043	0.347058823529412	1.69244053756536	1020	0.6235	1.06385358906639
Geridu	comM	1.12138728323699	1.18529383172467	0.575465639049454	1.05698882932149	1557	0.6236	1.25807975671105
Geridu	ctaD	1.63291139240506	1.73959825062207	0.709463532248342	1.06533536278406	1659	0.5986	1.69713766592334
Geridu	cysD	1.16967871485944	1.36956300010075	0.575301204819277	1.17088819579429	996	0.5512	1.09650907326156
Geridu	cysG_2	1.65714285714286	1.8659431580865	0.62312925170068	1.12600018160392	735	0.5878	1.69006373228024
Geridu	cysW_2	1.42599277978339	1.52299584125431	0.589651022864019	1.06802493171505	831	0.562	1.38412853656641
Geridu	dapD	1.01988304093567	1.29792754472779	0.466666666666667	1.27262391140167	855	0.5965	1.07802215365767
Geridu	dhaL_1	1.35956790123457	1.50999794211163	0.631172839506173	1.11064547842036	648	0.5664	1.3304577092098
Geridu	dnaA_2	1.51679586563307	1.52227176429878	0.656330749354005	1.00361017509988	774	0.5956	1.57232619515666
Geridu	elaA	0.992805755395683	1.02958451439136	0.556354916067146	1.03704527174202	417	0.5803	1.00398677054633
Geridu	exbD	1.75809523809524	2.12593854228406	0.657142857142857	1.20922831495031	525	0.6095	1.85391677479424
Geridu	fabA	1.40462427745665	1.61258856973488	0.549132947976879	1.14805688297998	519	0.6204	1.53204107733636
Geridu	fadB	1.58658008658009	1.65588203949231	0.556277056277056	1.04368008491876	462	0.6255	1.72877999125078
Geridu	fadJ	1.797845373891	2.195070379799	0.453105196451204	1.22094503324738	1578	0.5957	1.85366556821441
Geridu	flbT	1.45315904139434	1.90365249903863	0.586056644880174	1.31000974071774	459	0.5817	1.46839816374251
Geridu	flgD	1.756038647343	1.90091089633126	0.710144927536232	1.08249946503596	414	0.5604	1.70953656732885
Geridu	fxsA	1.214859437751	1.62600226955712	0.419678714859438	1.33842831444537	498	0.5944	1.26691138967671
Geridu	gltA	1.54524361948956	1.78889835175021	0.529002320185615	1.15768046487138	1293	0.5723	1.53323545065436
Geridu	group_10	1.30270052398227	1.41045518654859	0.615477629987908	1.08271637309005	2481	0.6215	1.43330583666004
Geridu	group_100	1.07990867579909	1.37919495884646	0.59703196347032	1.27714036358298	876	0.6096	1.17602007729791
Geridu	group_1013	1.08477011494253	1.56571762909521	0.404454022988506	1.44336353622551	1392	0.5869	1.1150822068815
Geridu	group_1048	1.78787878787879	1.84144390743637	0.614718614718615	1.02996015161695	462	0.5476	1.70427401348728
Geridu	group_105	1.440329218107	1.77275963388051	0.51440329218107	1.23080168866561	972	0.6461	1.64224127154125
Geridu	group_1051	2.57692307692308	2.89354220901114	0.641826923076923	1.12286712588492	1248	0.5649	2.54346491290097
Geridu	group_1054	1.42625368731563	1.49138970630732	0.696165191740413	1.04566930804174	678	0.5472	1.34148945372483
Geridu	group_1071	2.55059523809524	2.5514905383072	0.889880952380952	1.00035101618579	672	0.5565	2.49278843088799
Geridu	group_1104	1.1976911976912	1.44650081366216	0.473304473304473	1.20774104080467	693	0.6003	1.26684517280647
Geridu	group_1151	1.42752485609628	1.50352329538804	0.600732600732601	1.05323790963583	1911	0.6039	1.50711396400519
Geridu	group_1153	1.35897435897436	1.48155101578876	0.635108481262327	1.09019791727852	507	0.6114	1.46030332687
Geridu	group_1179	1.08686440677966	1.25715357379409	0.564265536723164	1.15667931156103	1416	0.6102	1.18471499707742
Geridu	group_1189	1.05128205128205	1.26315220374004	0.529411764705882	1.20153502306979	663	0.5928	1.09869616641059
Geridu	group_1228	1.75499474237645	1.92269377230946	0.558359621451104	1.09555528907507	951	0.5815	1.76965413512497
Geridu	group_1287	1.87719298245614	1.96311410133736	0.761133603238866	1.04577106332925	741	0.5978	1.93910033757583
Geridu	group_129	1.69709543568465	1.7095959175391	0.659059474412171	1.00736580960128	1446	0.5906	1.73813252521708
Geridu	group_1295	2.65204678362573	3.07523693203383	0.619883040935672	1.15957114747031	684	0.5395	2.54496296044855
Geridu	group_1318	1.77730496453901	1.90842810713507	0.634042553191489	1.07377638909036	705	0.5929	1.82500894446737
Geridu	group_1326	0.923976608187134	0.954335704986562	0.58625730994152	1.032856997169	684	0.6155	1.03719003287552
Geridu	group_1342	1.43601895734597	2.54436019517725	0.335703001579779	1.77181518542046	1266	0.5703	1.41821349251431
Geridu	group_1354	0.942090395480226	1.26682493340712	0.432203389830508	1.34469573141266	708	0.6003	1.0112443705955
Geridu	group_1359	1.49607843137255	1.71179437837505	0.519607843137255	1.14418759236078	510	0.6216	1.62697360885014
Geridu	group_1363	1.28327228327228	1.61679783672607	0.499389499389499	1.25990240559339	819	0.5788	1.29010532642559
Geridu	group_1372	1.73523206751055	2.30158644358213	0.503164556962025	1.326385379037	948	0.5928	1.78264618263909
Geridu	group_1374	1.85920577617329	1.88543148869669	0.688327316486161	1.01410586867764	831	0.556	1.79994964496692
Geridu	group_14	1.23710254790482	1.65067590576842	0.46367656348705	1.33430806408413	4749	0.5949	1.29060382382965
Geridu	group_1406	1.3641975308642	1.92685907518785	0.418871252204586	1.41244873384811	1134	0.5988	1.42900353398212
Geridu	group_1429	1.23026315789474	1.40499347356602	0.530701754385965	1.14202678065259	1368	0.5863	1.25883606103477
Geridu	group_144	1.80645161290323	1.8311836060692	0.690860215053763	1.01369092478831	1488	0.5773	1.80893668405918
Geridu	group_1495	1.03174603174603	1.60041811589666	0.368742368742369	1.55117448156138	819	0.5971	1.09162433326696
Geridu	group_1498	1.22384937238494	1.22862587034635	0.604602510460251	1.00390284790693	1434	0.5914	1.26720538031595
Geridu	group_15	1.70456140350877	2.05959309773545	0.536491228070175	1.20828331176329	2850	0.6028	1.78096199861962
Geridu	group_1509	1.187624750499	1.59942751587174	0.455089820359281	1.34674484949873	1002	0.5659	1.15706523447512
Geridu	group_1522	1.85739750445633	1.90890385541233	0.679144385026738	1.02773038664714	561	0.5793	1.86567987160875
Geridu	group_1525	1.56629491945477	1.72422645000008	0.628252788104089	1.10083128571998	807	0.5812	1.58008471780383
Geridu	group_1532	2.19666666666667	3.07957711613883	0.58	1.40193191933482	600	0.5467	2.11045310907675
Geridu	group_1534	1.08198198198198	1.65553410799139	0.355855855855856	1.53009397158238	1110	0.6009	1.15287514589619
Geridu	group_1538	1.52245862884161	1.7610869907142	0.515366430260047	1.15673881532936	1269	0.5902	1.56233625917474
Geridu	group_157	1.69371519490851	1.92351364364613	0.628480509148767	1.13567714892587	1257	0.603	1.77069551961901
Geridu	group_1592	2.11764705882353	2.30582161918676	0.529411764705882	1.08886020906041	255	0.5686	2.09491389239487
Geridu	group_1609	2.36923076923077	2.75701058683397	0.615384615384615	1.16367329963771	390	0.5	2.14765035012346
Geridu	group_1618	1.07971014492754	1.50482461926492	0.422705314009662	1.39373018428563	828	0.599	1.14509587764511
Geridu	group_1620	1.26553672316384	1.33144787273096	0.621468926553672	1.05208157800616	531	0.5669	1.23787585513819
Geridu	group_1627	1.56815114709852	1.74111358774128	0.588394062078273	1.11029704691591	1482	0.612	1.67121930379309
Geridu	group_163	1.0870523415978	1.9195859488467	0.314600550964187	1.76586340453966	1815	0.6055	1.17127928630387
Geridu	group_1634	1.56421356421356	1.87252437584653	0.518037518037518	1.19710276057348	693	0.6421	1.75453102565489
Geridu	group_1640	1.13495276653171	1.14756188277278	0.623481781376518	1.01110981585569	741	0.6194	1.2594709184132
Geridu	group_1654	1.8025078369906	1.84767013223791	0.671891327063741	1.02505525597199	957	0.5664	1.77339764496583
Geridu	group_169	1.45284780578898	2.1903289588195	0.430438842203548	1.50761074222088	1071	0.5733	1.44373828495201
Geridu	group_1718	1.10928961748634	1.19234725257642	0.543715846994536	1.0748746168546	732	0.5874	1.14105103342443
Geridu	group_1740	1.77604166666667	1.82365176352684	0.674479166666667	1.02680685805617	1536	0.6439	1.97157669450481
Geridu	group_1745	2.07160493827161	2.13000921347315	0.654320987654321	1.02819276693281	405	0.6148	2.18278930936123
Geridu	group_178	0.927663734115347	0.933528078585413	0.574780058651026	1.00632162738976	1023	0.6061	1.01362986762036
Geridu	group_1787	1.4223602484472	1.55789949907076	0.542443064182195	1.0952917875563	483	0.5901	1.46194801398052
Geridu	group_1825	1.52622673434856	1.53785206007402	0.795262267343486	1.00761703714384	591	0.5381	1.41508480397386
Geridu	group_1832	1.16772823779193	1.40345278571559	0.598726114649682	1.20186593104008	471	0.6115	1.26934707048739
Geridu	group_1850	1.30651340996169	1.38324997351981	0.528735632183908	1.05873385069991	261	0.59	1.34581131069518
Geridu	group_1866	1.22713864306785	1.29119723866015	0.693215339233038	1.05220159592738	339	0.5811	1.24063857661708
Geridu	group_187	1.03875968992248	1.38266219192966	0.477801268498943	1.33107031909646	1419	0.6124	1.14298730581635
Geridu	group_1877	1.09404388714734	1.10321707681399	0.58307210031348	1.00838466333427	957	0.5684	1.07073099111903
Geridu	group_1929	1.12121212121212	1.31423560531073	0.549242424242424	1.17215608041227	528	0.6136	1.22891811470387
Geridu	group_1948	1.14423076923077	1.46819760909669	0.46875	1.2831306835803	1248	0.5881	1.17802123876762
Geridu	group_1951	1.46105919003115	1.46276002648658	0.571651090342679	1.00116411194497	642	0.5841	1.48325506757508
Geridu	group_1953	1.1978021978022	1.38978686826682	0.612637362637363	1.16028077992918	1092	0.6099	1.29478319370049
Geridu	group_1957	1.9597924773022	2.13679987905095	0.619974059662776	1.09031946177914	771	0.572	1.94691471406754
Geridu	group_1990	0.936799184505607	1.35227757590113	0.481141692150866	1.44350848961808	981	0.6126	1.04160652999912
Geridu	group_1995	1.01598173515982	1.09177089139595	0.616438356164384	1.07459696726163	438	0.5913	1.05904787829101
Geridu	group_2022	0.968253968253968	1.25882705118889	0.420634920634921	1.30010006926065	252	0.6071	1.05711874975721
Geridu	group_2023	2.45945945945946	2.84258841204788	0.645645645645646	1.15577770599749	666	0.5901	2.49904722499277
Geridu	group_2052	1.98550724637681	2.24412768444935	0.640096618357488	1.13025408924821	414	0.5314	1.85494437441396
Geridu	group_2062	1.01149425287356	1.36178935757794	0.506792058516196	1.34631447851456	957	0.5758	1.00963135203217
Geridu	group_207	0.996986136226643	1.26161310633852	0.483423749246534	1.26542693072285	1659	0.6124	1.10121375212051
Geridu	group_2096	1.58550724637681	1.58822661107159	0.768115942028985	1.00171513861005	345	0.6	1.65379162709261
Geridu	group_2115	1.54975124378109	1.90386467116119	0.447761194029851	1.22849694672038	402	0.5597	1.50122011016818
Geridu	group_2116	1.54454022988506	1.71938555733788	0.548850574712644	1.11320218409969	696	0.6034	1.62268001379484
Geridu	group_2130	2.03907203907204	2.10272546818636	0.644688644688645	1.03121686134409	819	0.5543	1.97488820626868
Geridu	group_2135	2.16501650165017	2.26197396052084	0.625412541254125	1.04478370432594	606	0.6073	2.25446101275305
Geridu	group_2136	1.37689969604863	1.78334454375317	0.436676798378926	1.29518842140131	987	0.5887	1.41242935438442
Geridu	group_2137	2.20726495726496	2.47509881235722	0.568376068376068	1.12134195951905	468	0.5748	2.20250340842534
Geridu	group_215	1.14184397163121	1.16322183372476	0.563323201621074	1.01872222705087	987	0.6079	1.23302767153303
Geridu	group_2152	0.994277539341917	1.2154912225843	0.510014306151645	1.22248685552004	1398	0.6259	1.1376369032119
Geridu	group_2155	1.67361111111111	1.74936459572777	0.604166666666667	1.04526349288298	432	0.6204	1.80102791099083
Geridu	group_2219	2.73125	2.94427410408746	0.585416666666667	1.07799509531806	480	0.5833	2.75112695914534
Geridu	group_2289	1.11368015414258	2.11826624255194	0.300578034682081	1.90204183371013	519	0.5703	1.09587468931092
Geridu	group_2323	1.06153846153846	1.27377097518974	0.513846153846154	1.19992917952657	975	0.5918	1.10605392866877
Geridu	group_2349	1.36743674367437	2.07706060510587	0.386138613861386	1.51894456157783	909	0.5787	1.37397992202785
Geridu	group_2381	1.92282430213465	2.36663094085198	0.533661740558292	1.23080977197169	609	0.5238	1.77023170538524
Geridu	group_240	1.99145299145299	2.06272771351797	0.703418803418803	1.03579031107984	1170	0.5872	2.02263467779144
Geridu	group_2447	1.57098765432099	2.07846639398637	0.401234567901235	1.32303165353946	324	0.5617	1.52825381670454
Geridu	group_2462	1.91268033409263	2.34309407553863	0.525436598329537	1.22503171793742	1317	0.5687	1.8902370324638
Geridu	group_2470	1.50490196078431	1.61049535233058	0.540196078431373	1.07016629275387	1020	0.6118	1.60739038787924
Geridu	group_2504	1.25555555555556	1.82591108872199	0.455555555555556	1.45426546889362	900	0.5733	1.24644603471859
Geridu	group_2505	0.994949494949495	1.1362718285379	0.525252525252525	1.14203970584012	396	0.5859	1.02236293889024
Geridu	group_2572	0.993150684931507	1.62008238628179	0.324200913242009	1.63125536825614	438	0.5845	1.01650602167473
Geridu	group_2622	1.48876404494382	1.88577800779673	0.473782771535581	1.26667352976535	534	0.6161	1.60371665843114
Geridu	group_2638	1.575	1.65203739588766	0.585416666666667	1.04891263230962	480	0.4854	1.31109932011852
Geridu	group_2650	1.69312169312169	1.76882136830839	0.656084656084656	1.04471012065714	189	0.4656	1.37182778287524
Geridu	group_2656	1.38511326860841	1.56791233628396	0.491909385113269	1.13197409325174	309	0.6052	1.46847061891502
Geridu	group_267	0.913183279742765	1.21063237016272	0.441586280814577	1.32572770112889	933	0.612	1.01625143643734
Geridu	group_2785	1.05833333333333	1.36554204036183	0.476666666666667	1.29027594364897	600	0.5833	1.07821029247868
Geridu	group_2810	2.7547619047619	2.75825533569223	0.804761904761905	1.00126814260219	420	0.6214	2.88507735263985
Geridu	group_2817	1.0146750524109	1.67839538880504	0.30188679245283	1.65412107533059	477	0.5828	1.03310268755713
Geridu	group_2840	1.41545893719807	1.98576043539468	0.44122383252818	1.40290924957918	621	0.5862	1.44374197553828
Geridu	group_288	1.0461338531514	1.33807999017065	0.473034437946719	1.27907149370971	1539	0.6017	1.11934593546419
Geridu	group_2888	1.30591630591631	2.4302839290182	0.258297258297258	1.86097984840841	693	0.5512	1.23274666431843
Geridu	group_2901	1.16487455197133	1.33628898057339	0.458781362007168	1.14715269409223	279	0.5771	1.16677989352764
Geridu	group_2930	1.25412541254125	1.70646641531667	0.402640264026403	1.3606824311604	303	0.5776	1.25748007809668
Geridu	group_2949	1.06704980842912	1.74180464179606	0.318007662835249	1.63235551708715	522	0.5862	1.09533284676933
Geridu	group_2966	1.49418604651163	1.72079376476482	0.511627906976744	1.1516596402317	516	0.5291	1.35695628415285
Geridu	group_300	1.43546889507892	1.48873249155786	0.581244196843083	1.03710536442937	1077	0.5942	1.48694111740498
Geridu	group_3062	2.19638242894057	2.56575440905128	0.558139534883721	1.16817288976806	387	0.5504	2.12089386894411
Geridu	group_3063	1.36666666666667	1.58553944763992	0.526666666666667	1.16015081534628	300	0.5433	1.27059770588277
Geridu	group_3065	1.45410628019324	1.52218865431631	0.594202898550725	1.0468207689152	207	0.5507	1.37948731459625
Geridu	group_3098	1.54802259887006	1.75857560167217	0.562146892655367	1.1360141660437	354	0.5452	1.45746106928279
Geridu	group_3111	1.74120082815735	2.52483519182766	0.445134575569358	1.45005398056214	483	0.5963	1.7987602112797
Geridu	group_3125	1.05087719298246	1.1898254671108	0.514035087719298	1.13222122913715	570	0.5825	1.06843523372921
Geridu	group_317	1.616	2.09882922415082	0.589333333333333	1.29878046048937	750	0.6	1.6842843807158
Geridu	group_3194	1.06598984771574	1.72637878865869	0.353637901861252	1.61950772078934	591	0.5736	1.05774992127824
Geridu	group_32	1.40724547158026	2.18288312311811	0.4280657922132	1.55117438087532	4803	0.594	1.45813796430668
Geridu	group_3240	1.53086419753086	1.98563167838477	0.422222222222222	1.29706585442876	405	0.558	1.47740536232096
Geridu	group_3241	1.35714285714286	1.38267185031228	0.654761904761905	1.01881083707221	252	0.6032	1.434702911453
Geridu	group_3258	1.80952380952381	1.98347514969757	0.56043956043956	1.09613100378023	273	0.5055	1.60388595440677
Geridu	group_3266	1.14	2.04088499952637	0.306666666666667	1.79024999958454	450	0.54	1.03436550082194
Geridu	group_3272	1.14330218068536	1.58647417612972	0.445482866043614	1.38762455187368	321	0.5545	1.07969807748164
Geridu	group_3278	1.77083333333333	1.96830852973645	0.635416666666667	1.11151540502764	384	0.612	1.87390149002791
Geridu	group_3350	1.88730158730159	2.18063394638018	0.526984126984127	1.15542421044534	630	0.5143	1.70717183456898
Geridu	group_3364	1.04457364341085	1.66282880167873	0.358527131782946	1.59187321273882	516	0.5872	1.0757553297493
Geridu	group_3374	1.45512820512821	1.55227433481335	0.612179487179487	1.06676121687614	312	0.5609	1.41007544911317
Geridu	group_3402	1.52873563218391	1.54382283656058	0.710344827586207	1.00986907353963	435	0.5793	1.53701799933633
Geridu	group_348	1.4047619047619	1.79254012470916	0.576604554865424	1.27604551250482	966	0.6035	1.48319155347152
Geridu	group_353	1.14828431372549	1.70585517373111	0.423406862745098	1.48556864649369	1632	0.5784	1.1539578976795
Geridu	group_3538	1.12138728323699	1.53300409217762	0.4373795761079	1.36706035024087	519	0.5665	1.09256695601205
Geridu	group_356	1.0275624461671	1.60148584072316	0.371231696813092	1.55852896989069	1161	0.615	1.13932654685637
Geridu	group_3576	1.20249221183801	1.78469660870375	0.44392523364486	1.48416479635726	642	0.5966	1.26092118935982
Geridu	group_3590	1.07936507936508	1.71021594528282	0.364021164021164	1.58446477283555	945	0.5778	1.08329947452015
Geridu	group_3595	1.10793650793651	1.16248437936243	0.533333333333333	1.04923375214661	315	0.5556	1.04752091753085
Geridu	group_3596	1.17125382262997	1.17803229138603	0.629969418960245	1.00578736105283	327	0.5352	1.0517058130604
Geridu	group_36	1.20027662517289	1.47051821834534	0.544951590594744	1.22514942597797	3615	0.6075	1.29030086587543
Geridu	group_3612	1.06959706959707	1.39283573373455	0.417582417582418	1.30220601133401	273	0.5824	1.086865245544
Geridu	group_3619	1.7156862745098	1.97716557545842	0.588235294117647	1.1524050782672	510	0.5961	1.7726659280325
Geridu	group_3657	1.65625	1.68438148653062	0.7109375	1.01698504847132	384	0.6328	1.81961003505778
Geridu	group_367	1.2929532858274	1.50845669084295	0.541567695961995	1.16667532182158	1263	0.6049	1.37544104173453
Geridu	group_3704	1.94990366088632	2.11023315478049	0.58766859344894	1.08222431554454	519	0.5414	1.84832726890578
Geridu	group_3725	2.80769230769231	3.04089913334895	0.767628205128205	1.08305996530236	624	0.5833	2.82756926683765
Geridu	group_373	1.02529761904762	1.30156555052655	0.409970238095238	1.26945145131182	1344	0.5952	1.07966848937191
Geridu	group_3731	1.29216467463479	1.54787249821119	0.454183266932271	1.19789104948923	753	0.5883	1.32653487377129
Geridu	group_3733	1.39906103286385	1.70332611936145	0.469483568075117	1.21747806518117	213	0.5634	1.36125489684439
Geridu	group_3756	1.3283950617284	1.43620396313961	0.548148148148148	1.08115725849729	405	0.5704	1.31087946169656
Geridu	group_3778	1.23636363636364	1.4435304117813	0.53030303030303	1.16756136247017	330	0.5606	1.19044128594913
Geridu	group_3791	1.31043256997455	1.3306888143248	0.648854961832061	1.01545767772747	393	0.5751	1.3065406155344
Geridu	group_3847	0.854864433811802	1.4320569131006	0.303030303030303	1.67518597857104	627	0.638	1.03329743846039
Geridu	group_3868	1.43081761006289	1.47746264229369	0.654088050314465	1.03260026428438	318	0.5314	1.30025473810004
Geridu	group_3883	1.48706896551724	1.98551720992802	0.44683908045977	1.33518838464725	696	0.4828	1.21563180084036
Geridu	group_3895	1.44396551724138	2.16506422559875	0.474137931034483	1.4993877622057	696	0.6322	1.60558636350022
Geridu	group_3929	1.11025641025641	1.22972918451451	0.558974358974359	1.10760827242646	390	0.6051	1.19332389576319
Geridu	group_3951	1.78125	1.78840574086132	0.627083333333333	1.00401725802741	480	0.5813	1.79532966314888
Geridu	group_396	1.04870624048706	1.12918692439301	0.633181126331811	1.07674282921075	657	0.6104	1.14713656038447
Geridu	group_3972	1.45957446808511	1.5726253167386	0.672340425531915	1.07745466307164	705	0.5759	1.45800143204354
Geridu	group_3979	1.03559870550162	1.75815618595051	0.367313915857605	1.69771956705846	618	0.5809	1.04851890945121
Geridu	group_405	1.33916423712342	2.14130557836848	0.359248461289278	1.59898653130709	3087	0.6155	1.4523776618118
Geridu	group_4065	2.67342342342342	2.87106149756339	0.720720720720721	1.0739269628628	444	0.5518	2.60199297062449
Geridu	group_4072	1.3695652173913	1.46759462798651	0.590579710144927	1.0715770299584	276	0.6051	1.45263270289808
Geridu	group_4074	2.6280701754386	2.63947247089935	0.680701754385965	1.00433865715129	285	0.4526	2.26909384121513
Geridu	group_4102	1.5085910652921	1.55222701229975	0.597938144329897	1.02892496715086	291	0.5567	1.45136398768449
Geridu	group_4103	1.3559670781893	1.55412168682849	0.576131687242798	1.14613526524832	486	0.607	1.44454199489272
Geridu	group_414	1.23459006582884	2.03796903336512	0.487133453022142	1.65072528102429	1671	0.5763	1.23417648898657
Geridu	group_419	2.32542194092827	2.7326053040996	0.72204641350211	1.17510085202378	1896	0.5949	2.37892321685309
Geridu	group_425	2.67204301075269	2.89529279057552	0.688172043010753	1.08355021941056	372	0.5699	2.65307808672173
Geridu	group_429	1.29166666666667	1.76949847492671	0.485169491525424	1.36993430316907	1416	0.5847	1.31560173300953
Geridu	group_432	1.59352517985612	1.97863893825646	0.535971223021583	1.24167409669367	834	0.5803	1.60470619500676
Geridu	group_434	0.937420178799489	1.00633135642657	0.569604086845466	1.0735115150981	783	0.6232	1.07295319307425
Geridu	group_443	1.76275510204082	2.43237917663501	0.617772108843537	1.37987357053679	2352	0.6071	1.85161988354406
Geridu	group_447	1.68664563617245	2.11097191344095	0.542060988433228	1.25157998109872	1902	0.5883	1.72101583530895
Geridu	group_46	1.47789473684211	1.92716693627931	0.454385964912281	1.30399472184141	2850	0.6161	1.59284735032943
Geridu	group_468	1.7120822622108	1.97699144935675	0.625535561268209	1.1547292399396	2334	0.6003	1.78123623732607
Geridu	group_505	0.894871794871795	1.28952503778725	0.387179487179487	1.44101651787114	780	0.6295	1.04866629153541
Geridu	group_52	1.167046317388	1.68170825611847	0.42369020501139	1.44099529818349	2634	0.6116	1.26895501488329
Geridu	group_524	1.14583333333333	1.35683890789399	0.463888888888889	1.18415031961658	720	0.5625	1.10541841411547
Geridu	group_53	1.29619312906221	1.44750599251065	0.634168987929434	1.11673635668622	1077	0.5868	1.32621535620136
Geridu	group_553	2.17896174863388	2.19158340661471	0.64344262295082	1.00579251012035	2196	0.5838	2.20028803177834
Geridu	group_560	1.01116427432217	1.31525933136914	0.45933014354067	1.30073754064424	627	0.6252	1.15249458459339
Geridu	group_563	1.72616323417239	1.84860017208563	0.672006102212052	1.07093010411147	1311	0.6049	1.80865099007952
Geridu	group_59	1.04662004662005	1.30473560158709	0.504273504273504	1.2466182028527	1287	0.6154	1.15954360650861
Geridu	group_593	1.65660722450846	1.82278855293047	0.608139003200732	1.100314260353	2187	0.5853	1.68228147965026
Geridu	group_609	1.62254901960784	1.77608502257611	0.698529411764706	1.09462641874781	408	0.6054	1.70648609951409
Geridu	group_642	2.79001883239171	2.80973368714376	0.773069679849341	1.0070662084869	1062	0.6017	2.86323091470451
Geridu	group_653	1.19733333333333	1.2446649070484	0.605333333333333	1.03953082437227	375	0.6213	1.32735891641146
Geridu	group_664	2.26627218934911	2.31896002588571	0.767258382642998	1.02324867982947	507	0.5838	2.28759847249357
Geridu	group_689	1.67994687915007	1.72584669240494	0.713147410358566	1.02732218132879	753	0.6082	1.77200017345136
Geridu	group_696	1.40395480225989	1.98455838437537	0.413841807909605	1.41354862790519	1416	0.6257	1.54673443653023
Geridu	group_699	1.53207331042383	1.65241923793237	0.663802978235968	1.07855102408595	1746	0.5922	1.57774823675343
Geridu	group_7	1.16576086956522	1.71460204245173	0.420289855072464	1.47080081963226	1104	0.5679	1.1409986495378
Geridu	group_713	2.0406976744186	2.10036500861691	0.676356589147287	1.02923869368122	1032	0.5862	2.06898071275882
Geridu	group_714	0.970645792563601	1.42563234576475	0.467710371819961	1.46874622718909	1533	0.6014	1.04298828047693
Geridu	group_766	1.14689265536723	1.71347290401739	0.378531073446328	1.49401332025162	1062	0.6055	1.2311196000733
Geridu	group_772	1.30651340996169	1.5080503417525	0.59514687100894	1.15425554016834	783	0.6143	1.41624845705219
Geridu	group_777	1.47651006711409	1.77610325992948	0.629753914988814	1.20290629877042	894	0.5973	1.53696809823467
Geridu	group_790	2.16547619047619	2.29525052696955	0.720238095238095	1.05992877551095	840	0.5702	2.14738086084471
Geridu	group_80	1.43264840182648	1.70412147645734	0.534246575342466	1.18949036922441	876	0.5959	1.48904832574954
Geridu	group_800	1.2010101010101	1.54245578813162	0.549494949494949	1.28429876387746	990	0.5919	1.24581543294023
Geridu	group_823	1.01201201201201	1.13978226644087	0.573573573573574	1.12625369354543	666	0.6186	1.13421124549491
Geridu	group_864	1.45916114790287	1.49953545752253	0.577262693156733	1.02766953442921	906	0.5265	1.31439490074869
Geridu	group_867	1.28112449799197	1.5845110947584	0.570281124497992	1.23681273540702	747	0.5957	1.33694469231538
Geridu	group_878	1.45367717287488	1.51585102932371	0.592168099331423	1.04277005762281	1047	0.6008	1.52428047198927
Geridu	group_883	1.37645687645688	1.96093839278168	0.587412587412587	1.42462755377365	858	0.6084	1.46908990035782
Geridu	group_898	1.23960695389267	1.66003221530084	0.481481481481481	1.33916013466038	1323	0.5548	1.17687244508842
Geridu	group_899	1.41696113074205	1.52200671274108	0.65017667844523	1.07413441323124	849	0.5677	1.39161918111499
Geridu	group_913	1.0692225772098	1.23665608190212	0.519701810436635	1.15659368616145	939	0.6358	1.24127855626227
Geridu	group_934	1.1063829787234	1.40852246724278	0.530732860520095	1.27308761462328	846	0.5922	1.152057905053
Geridu	group_939	1.1963746223565	1.54198857935831	0.501510574018127	1.28888439335253	993	0.6123	1.30031237345054
Geridu	group_94	1.28426791277259	1.50686716243874	0.581775700934579	1.17332773594381	1284	0.5958	1.34037797189582
Geridu	group_946	1.46979865771812	1.65346645102399	0.601789709172259	1.12496119270582	447	0.557	1.41344117450999
Geridu	group_954	1.48900615655233	1.74826689255471	0.633245382585752	1.17411663132588	1137	0.5664	1.45989596452757
Geridu	group_958	1.13020833333333	1.20677097063852	0.598958333333333	1.06774205697049	768	0.5755	1.12747583809247
Geridu	group_96	1.9573403942336	2.00769666452683	0.686084142394822	1.02572688452228	3399	0.5669	1.92967952620795
Geridu	group_965	1.87719298245614	1.96574813582072	0.629452418926103	1.04717424057739	1881	0.6013	1.94924560556964
Geridu	group_974	1.49397590361446	1.66234748220819	0.573293172690763	1.1127003308329	1992	0.6004	1.56341974352955
Geridu	group_982	2.66117216117216	3.22100811896155	0.639194139194139	1.21037194284447	546	0.5348	2.5404646924033
Geridu	hmrR	1.90222222222222	2.11564212441854	0.74	1.11219504204246	450	0.5867	1.93195458456155
Geridu	hrpB_2	1.77319587628866	1.82168136274816	0.68213058419244	1.02734355922425	582	0.6151	1.88524984177775
Geridu	hutI	1.32310838445808	1.50766082956135	0.582822085889571	1.13948399637635	1956	0.6043	1.40385695156627
Geridu	leuC	1.64964539007092	1.85050293792671	0.601418439716312	1.1217580148223	1410	0.6035	1.72807503878053
Geridu	lptB	2.28184281842818	2.3335720703577	0.746612466124661	1.02266994532303	738	0.6016	2.35476503594116
Geridu	lpxD	1.62236286919831	1.76134375570593	0.694092827004219	1.08566572198259	474	0.5401	1.51701823482007
Geridu	map	1.42391304347826	1.45642325862704	0.70048309178744	1.02283160147853	828	0.5737	1.41596298184058
Geridu	mdh	1.17860851505711	1.31253327268396	0.557632398753894	1.11362955206578	963	0.6147	1.28950302134691
Geridu	mgtA	1.9793966151582	2.28457938909442	0.559970566593083	1.15417969880272	2718	0.592	2.02449181188816
Geridu	mnmA	1.46365914786967	1.63461438615197	0.7109440267335	1.11679989738808	1197	0.5973	1.52411717899025
Geridu	mutS	1.51664837175265	1.53920133155161	0.64690815953165	1.01487026275767	2733	0.6034	1.59478815566244
Geridu	plsX	1.72910662824207	1.88302336405607	0.663784822286263	1.08901517887909	1041	0.5821	1.74550520978954
Geridu	polA	1.84337759618659	1.88280199605555	0.677562138236296	1.02138704514502	2937	0.5948	1.89658900731159
Geridu	prfB	1.50207039337474	1.52134923046945	0.682194616977226	1.0128348426144	966	0.5766	1.50252641093194
Geridu	purH	1.49721706864564	1.58431308255972	0.587507730364873	1.05817193494385	1617	0.6147	1.60811157493544
Geridu	queF	1.38888888888889	1.63946394214892	0.598290598290598	1.18041403834722	468	0.5769	1.39021450084555
Geridu	rfbC	1.52612612612613	1.73952313643315	0.481081081081081	1.13982920982338	555	0.5874	1.55788754206422
Geridu	rnhA	0.995698924731183	1.40503359102797	0.404301075268817	1.41110285060044	465	0.5978	1.05760627985088
Geridu	rpiA	2.02002861230329	2.03399461567659	0.636623748211731	1.00691376512602	699	0.5722	2.00773057866827
Geridu	rplM	1.08817204301075	1.28936711472889	0.529032258064516	1.18489270424691	465	0.5742	1.08167130537219
Geridu	rplN	1.12466124661247	1.55712386645308	0.403794037940379	1.38452700414744	369	0.5474	1.04047674262131
Geridu	rpmI	1.32835820895522	1.42535672413778	0.631840796019901	1.07302135412619	201	0.5771	1.33026355051153
Geridu	rpoB	1.65529753265602	1.95099650591341	0.529511369134011	1.17863795929359	4134	0.5772	1.65749273901216
Geridu	rpsA	1.03350970017637	1.30363517701802	0.475602586713698	1.26136714226828	1701	0.5802	1.04440085052719
Geridu	rpsM	3.51219512195122	3.53560888995001	0.682926829268293	1.00666642005521	369	0.5691	3.49091127952168
Geridu	rpsT	1.72284644194757	1.7870573080335	0.700374531835206	1.03727022009771	267	0.6217	1.85403148422498
Geridu	ruvC	1.06704980842912	1.07907443874247	0.60727969348659	1.01126904313028	522	0.5977	1.12866729874899
Geridu	sbmA	1.3525641025641	2.04536987533357	0.501602564102564	1.51221659029401	1248	0.5601	1.30519242815048
Geridu	secDF	1.50548967940272	1.63485505328702	0.572683355292051	1.08592910044765	2277	0.5683	1.4818869185746
Geridu	tesB	1.33333333333333	1.57610576629502	0.486157253599114	1.18207932472126	903	0.6002	1.40219744364878
Geridu	tgt_1	2.37931034482759	2.65672536314396	0.533661740558292	1.11659471784311	609	0.5961	2.43628999835029
Geridu	thcD	1.07531692766592	1.2892763764434	0.539895600298285	1.19897338475077	1341	0.5943	1.12707901479181
Geridu	thiP	1.61151960784314	1.81277289645159	0.555147058823529	1.12488416996539	1632	0.6072	1.7006742541462
Geridu	thpR	1.2994923857868	1.35420866110924	0.595600676818951	1.04210588374422	591	0.6108	1.3990821648835
Geridu	topA	1.08192408868846	2.06984621751475	0.344607290492296	1.91311593775851	2661	0.596	1.13861387741134
Geridu	ubiD	1.19075907590759	1.25953972088849	0.607260726072607	1.05776201615635	1515	0.6079	1.28194277580942
Geridu	ugpB	2.15745007680492	2.29203794040533	0.522273425499232	1.06238284030179	1302	0.5645	2.12283245358351
Geridu	uppS	1.51372549019608	1.62567178315159	0.637908496732026	1.07395415726335	765	0.5974	1.57447338611648
Geridu	ureF	0.941775836972344	0.974657773144284	0.579330422125182	1.0349148224886	687	0.6317	1.10194735923207
Geridu	virB10	1.81102362204724	1.84921555346837	0.68241469816273	1.02108858821949	1143	0.5853	1.83669787718905
Geridu	xdhA	1.29742547425474	1.52458501534628	0.529132791327913	1.17508484733739	1476	0.6084	1.39005849815569
Geridu	xylA	1.18501529051988	1.34864444956204	0.545871559633027	1.13808189679171	1308	0.5627	1.14518010090166
Geridu	xylF_1	1.25875190258752	1.35251131400531	0.598173515981735	1.07448601366565	657	0.5616	1.21572820017125
Geridu	ybgF	1.17731958762887	1.33110381907677	0.558762886597938	1.1306223331913	1455	0.6007	1.24763302194343
Geridu	yhgF	1.46965452847806	1.49035942054456	0.584967320261438	1.01408827153953	2142	0.6125	1.57417200917175
Geridu	ynfM_1	1.35909822866345	1.4607339599071	0.684380032206119	1.07478174064255	621	0.5974	1.41984612458385
