BranAssembly	NODE_1_length_65029_cov_9.892185	23.1463	6.43346	0.0494478	0.277948	0.999985
BranAssembly	NODE_2_length_58687_cov_9.983054	23.0872	6.6301	0.053642	0.287177	0.999813
BranAssembly	NODE_3_length_48767_cov_9.772867	22.7536	6.43326	0.0570984	0.282736	1
BranAssembly	NODE_4_length_48353_cov_10.343825	23.7442	6.36563	0.0567396	0.268092	0.999917
BranAssembly	NODE_5_length_43980_cov_9.652181	22.5742	6.2987	0.058868	0.279022	0.999932
BranAssembly	NODE_6_length_42089_cov_9.806515	23.1354	6.39299	0.0610767	0.276329	0.999952
BranAssembly	NODE_7_length_38839_cov_10.080598	23.6077	6.47975	0.0644437	0.274476	0.999897
BranAssembly	NODE_8_length_38514_cov_9.622710	22.6691	6.19303	0.0618515	0.273193	0.999974
BranAssembly	NODE_9_length_38431_cov_9.584266	22.7029	6.23389	0.0623268	0.274586	0.999792
BranAssembly	NODE_10_length_32548_cov_9.817522	23.0337	6.20237	0.0673832	0.269274	1
BranAssembly	NODE_11_length_31930_cov_8.702987	21.2222	6.41258	0.0703379	0.302164	1
BranAssembly	NODE_12_length_31038_cov_10.087781	23.2375	6.53493	0.0727026	0.281223	0.999903
BranAssembly	NODE_13_length_30099_cov_10.656269	23.9642	6.59257	0.0744791	0.275101	1
BranAssembly	NODE_14_length_29475_cov_9.870984	23.1458	6.58519	0.0751791	0.28451	1
BranAssembly	NODE_15_length_27870_cov_9.874897	23.2842	6.25795	0.0734716	0.268763	0.999677
BranAssembly	NODE_16_length_27767_cov_9.440299	22.3857	6.25909	0.0736212	0.279602	1
BranAssembly	NODE_17_length_27545_cov_9.631523	22.6228	6.44589	0.0761233	0.284929	1
BranAssembly	NODE_18_length_27336_cov_9.352510	22.1931	6.40753	0.075959	0.288717	1
BranAssembly	NODE_19_length_27282_cov_9.051701	21.8173	6.03904	0.0716615	0.276801	0.999963
BranAssembly	NODE_20_length_27155_cov_9.787178	23.0688	6.56258	0.0780559	0.284479	0.999742
BranAssembly	NODE_21_length_27076_cov_10.184161	23.5777	6.08174	0.0724422	0.257945	0.999889
BranAssembly	NODE_22_length_26842_cov_9.954798	23.1457	6.54247	0.0782691	0.282665	1
BranAssembly	NODE_23_length_26045_cov_10.115852	23.5867	6.80706	0.0826711	0.288598	0.999962
BranAssembly	NODE_24_length_26024_cov_9.290825	22.1579	6.53454	0.0793933	0.294908	1
BranAssembly	NODE_25_length_25727_cov_9.398708	22.433	6.53443	0.0798489	0.291287	0.999067
BranAssembly	NODE_26_length_25036_cov_8.952413	21.4719	6.485	0.080331	0.302023	0.99996
BranAssembly	NODE_27_length_24835_cov_9.146981	21.958	6.30117	0.0783691	0.286964	0.999517
BranAssembly	NODE_28_length_24057_cov_10.647328	24.2363	6.574	0.083074	0.271246	0.999834
BranAssembly	NODE_29_length_23336_cov_10.269661	23.5674	6.50308	0.0834376	0.275935	1
BranAssembly	NODE_30_length_23246_cov_9.041651	21.3501	6.62683	0.0851898	0.310388	0.999785
BranAssembly	NODE_31_length_23043_cov_9.204310	21.9505	6.33227	0.081761	0.28848	0.999653
BranAssembly	NODE_32_length_22866_cov_9.497307	22.3561	6.45002	0.0836031	0.288513	0.999606
BranAssembly	NODE_33_length_22860_cov_10.004292	23.425	6.49762	0.0842311	0.27738	1
BranAssembly	NODE_34_length_22656_cov_9.695231	22.6728	6.61431	0.0861289	0.291728	0.999912
BranAssembly	NODE_35_length_22186_cov_9.763009	22.8587	6.29626	0.0828512	0.275442	0.99991
BranAssembly	NODE_36_length_21338_cov_9.707682	22.5972	6.24103	0.0837405	0.276186	1
BranAssembly	NODE_37_length_21271_cov_9.937529	23.6283	6.72697	0.0904027	0.284699	1
BranAssembly	NODE_38_length_21109_cov_9.917742	22.7674	6.31987	0.085257	0.277585	0.999953
BranAssembly	NODE_39_length_20565_cov_8.990115	21.5642	6.74864	0.0922376	0.312956	0.999222
BranAssembly	NODE_40_length_20507_cov_9.824641	22.9574	6.79934	0.0930619	0.296172	1
BranAssembly	NODE_41_length_20429_cov_10.672353	24.2747	6.69618	0.0918247	0.27585	0.999853
BranAssembly	NODE_42_length_20126_cov_9.977658	23.2008	6.51614	0.090026	0.280858	1
BranAssembly	NODE_43_length_19966_cov_10.545468	23.7964	6.71757	0.09318	0.282294	1
BranAssembly	NODE_44_length_19735_cov_9.525069	22.4669	6.34653	0.0885469	0.282483	0.999797
BranAssembly	NODE_45_length_19301_cov_9.677823	22.7011	6.22212	0.0877819	0.274089	1
BranAssembly	NODE_46_length_19292_cov_9.703421	22.6673	6.31222	0.0890737	0.278472	0.999948
BranAssembly	NODE_47_length_19287_cov_10.275314	23.4957	6.94533	0.0980205	0.2956	0.999896
BranAssembly	NODE_48_length_19099_cov_9.362821	22.1508	5.98087	0.0848233	0.270006	0.999686
BranAssembly	NODE_49_length_18873_cov_9.707440	22.9895	6.40777	0.0914203	0.278727	1
BranAssembly	NODE_50_length_18707_cov_8.801210	21.0331	6.404	0.091771	0.304472	0.99984
BranAssembly	NODE_51_length_18699_cov_9.819336	22.9771	6.29672	0.0902529	0.274044	0.999412
BranAssembly	NODE_52_length_18546_cov_9.980288	23.474	6.6944	0.096348	0.285184	0.999569
BranAssembly	NODE_53_length_18300_cov_9.600898	22.3999	6.38598	0.0925248	0.28509	1
BranAssembly	NODE_54_length_17741_cov_10.046579	23.3311	6.4773	0.095315	0.277625	0.999944
BranAssembly	NODE_55_length_17586_cov_9.135900	21.6969	6.45048	0.0953377	0.2973	1
BranAssembly	NODE_56_length_17526_cov_9.939761	23.1153	6.55769	0.097088	0.283695	0.999544
BranAssembly	NODE_57_length_17522_cov_10.116161	23.3335	6.71994	0.0995015	0.287995	0.999886
BranAssembly	NODE_58_length_17517_cov_10.119682	23.2963	6.42031	0.0950784	0.275593	0.999715
BranAssembly	NODE_59_length_17366_cov_9.680741	22.6012	6.32333	0.0940486	0.279778	1
BranAssembly	NODE_60_length_16827_cov_8.644660	20.9488	6.45733	0.0975676	0.308243	1
BranAssembly	NODE_61_length_16291_cov_8.942750	21.3922	6.45644	0.099146	0.301812	0.999877
BranAssembly	NODE_62_length_16140_cov_10.085345	23.4316	6.88499	0.10622	0.293833	1
BranAssembly	NODE_63_length_16033_cov_9.506748	22.1423	6.61838	0.102447	0.298902	1
BranAssembly	NODE_64_length_15949_cov_9.545163	22.5792	6.3676	0.0988246	0.282012	1
BranAssembly	NODE_65_length_15848_cov_10.325684	24.2174	6.28718	0.097887	0.259614	0.999874
BranAssembly	NODE_66_length_15833_cov_9.700835	22.6639	6.1777	0.096228	0.272579	1
BranAssembly	NODE_68_length_15679_cov_9.060511	21.5546	6.41593	0.100428	0.297659	1
BranAssembly	NODE_69_length_15246_cov_10.031215	22.9391	6.77065	0.107475	0.295157	1
BranAssembly	NODE_70_length_15109_cov_8.426127	20.5035	5.88373	0.093819	0.286962	0.999801
BranAssembly	NODE_71_length_15045_cov_9.384790	22.5215	6.38447	0.10202	0.283483	0.999535
BranAssembly	NODE_72_length_15041_cov_8.835598	21.6343	6.18737	0.0988835	0.285998	1
BranAssembly	NODE_73_length_14982_cov_9.696716	22.9501	6.21829	0.0995731	0.270949	0.999733
BranAssembly	NODE_74_length_14901_cov_9.806549	22.8494	6.34394	0.101861	0.277642	1
BranAssembly	NODE_75_length_14618_cov_10.484338	23.7481	6.57733	0.106626	0.276962	0.999863
BranAssembly	NODE_76_length_14235_cov_10.316064	23.8225	7.21219	0.11848	0.302747	0.99993
BranAssembly	NODE_77_length_13712_cov_9.403640	22.0151	6.19413	0.103678	0.281358	1
BranAssembly	NODE_78_length_13706_cov_9.241208	22.3	6.7805	0.113517	0.304058	1
BranAssembly	NODE_79_length_13424_cov_9.461739	22.549	6.28632	0.106344	0.278785	1
BranAssembly	NODE_80_length_13264_cov_9.649490	22.4644	6.21354	0.105744	0.276595	0.999472
BranAssembly	NODE_81_length_12983_cov_9.554655	22.6006	6.62319	0.113929	0.293054	0.999615
BranAssembly	NODE_82_length_12773_cov_9.903013	23.1971	6.92986	0.12018	0.298739	1
BranAssembly	NODE_83_length_12340_cov_9.513849	22.4041	6.34549	0.11196	0.283229	1
BranAssembly	NODE_84_length_12216_cov_9.853122	22.5777	6.30296	0.111773	0.279168	1
BranAssembly	NODE_85_length_12102_cov_9.609542	21.4173	6.93075	0.123483	0.323605	1
BranAssembly	NODE_86_length_12001_cov_10.823421	24.6689	6.2286	0.111439	0.252487	0.999333
BranAssembly	NODE_87_length_11943_cov_10.031643	22.5995	6.37608	0.114354	0.282134	0.999916
BranAssembly	NODE_88_length_11817_cov_9.445962	22.0943	6.34233	0.114354	0.287058	1
BranAssembly	NODE_89_length_11783_cov_7.899013	19.3196	6.91256	0.124815	0.3578	0.999576
BranAssembly	NODE_90_length_11685_cov_9.538521	22.6448	6.63284	0.120266	0.292908	1
BranAssembly	NODE_91_length_11619_cov_10.194909	23.39	6.18031	0.112378	0.264229	0.999656
BranAssembly	NODE_92_length_11527_cov_8.674639	21.0269	6.20568	0.113289	0.29513	0.999913
BranAssembly	NODE_93_length_11480_cov_8.713475	21.2774	6.20933	0.113587	0.291828	1
BranAssembly	NODE_94_length_11478_cov_9.528780	22.8425	5.93682	0.108612	0.259902	0.999739
BranAssembly	NODE_95_length_11300_cov_9.586904	22.4059	6.60049	0.121701	0.294587	0.999735
BranAssembly	NODE_96_length_11238_cov_9.382639	22.2068	6.57289	0.121526	0.295985	1
BranAssembly	NODE_97_length_11150_cov_10.019513	23.0505	6.2714	0.116408	0.272072	0.999821
BranAssembly	NODE_98_length_11139_cov_9.406391	22.3894	5.95739	0.110634	0.266081	1
BranAssembly	NODE_99_length_11054_cov_9.015057	21.188	6.18773	0.115353	0.292039	0.998372
BranAssembly	NODE_100_length_10783_cov_9.433327	22.6005	6.38126	0.120446	0.282351	1
BranAssembly	NODE_101_length_10773_cov_9.429914	22.1494	6.45322	0.121861	0.29135	1
BranAssembly	NODE_102_length_10701_cov_8.642148	21.3253	6.05072	0.114644	0.283734	0.999813
BranAssembly	NODE_103_length_10665_cov_8.856337	21.9317	6.27888	0.119167	0.286292	1
BranAssembly	NODE_104_length_10617_cov_9.408198	22.4171	6.49147	0.12348	0.289577	0.999529
BranAssembly	NODE_105_length_10536_cov_9.254402	22.0271	6.56925	0.125439	0.298235	1
BranAssembly	NODE_106_length_10507_cov_9.477286	22.2474	6.54658	0.125179	0.294263	0.999429
BranAssembly	NODE_107_length_10467_cov_9.415405	22.0162	7.00746	0.134247	0.318286	1
BranAssembly	NODE_108_length_10318_cov_9.751191	22.928	6.78131	0.130849	0.295766	0.999806
BranAssembly	NODE_109_length_10293_cov_9.200214	21.9039	6.14299	0.118677	0.280452	0.999903
BranAssembly	NODE_110_length_10189_cov_9.114862	21.6628	6.32104	0.122738	0.291793	0.999215
BranAssembly	NODE_111_length_10094_cov_10.793443	24.805	6.40081	0.12487	0.258045	0.997226
BranAssembly	NODE_112_length_9904_cov_9.802633	23.0435	6.72486	0.132445	0.291833	0.997072
BranAssembly	NODE_113_length_9868_cov_8.984043	21.4441	6.32704	0.124837	0.295049	0.999493
BranAssembly	NODE_114_length_9736_cov_9.654064	22.9373	6.60552	0.131212	0.287981	0.999897
BranAssembly	NODE_115_length_9503_cov_9.005911	21.9361	6.26669	0.125998	0.285679	0.999684
BranAssembly	NODE_116_length_9472_cov_9.820608	22.8986	6.72263	0.135386	0.293582	0.999683
BranAssembly	NODE_117_length_9459_cov_10.755885	24.0147	6.51068	0.131208	0.271112	0.996723
BranAssembly	NODE_118_length_9442_cov_8.968979	21.1447	6.77658	0.136689	0.320487	0.999894
BranAssembly	NODE_119_length_9434_cov_10.170335	23.4454	6.56917	0.132562	0.28019	0.999894
BranAssembly	NODE_120_length_9428_cov_8.788169	21.1116	6.69794	0.135203	0.317264	0.99947
BranAssembly	NODE_121_length_9381_cov_9.917665	22.8691	6.69268	0.135435	0.292652	0.999893
BranAssembly	NODE_122_length_9330_cov_9.596065	22.3167	6.59428	0.133808	0.295486	1
BranAssembly	NODE_123_length_9317_cov_8.995263	21.2621	6.61984	0.13442	0.311344	0.999463
BranAssembly	NODE_124_length_9307_cov_8.186678	20.5626	6.09409	0.123811	0.296368	0.999785
BranAssembly	NODE_125_length_9201_cov_10.024531	22.9604	6.68119	0.136519	0.290987	1
BranAssembly	NODE_126_length_9020_cov_9.468468	22.2853	5.8652	0.121042	0.263187	0.999778
BranAssembly	NODE_127_length_8863_cov_9.535318	22.8677	6.37017	0.132622	0.278567	1
BranAssembly	NODE_128_length_8843_cov_9.296574	21.7288	6.63741	0.138342	0.305465	0.999208
BranAssembly	NODE_129_length_8799_cov_9.199886	21.9959	6.21476	0.129857	0.282542	1
BranAssembly	NODE_130_length_8773_cov_9.153019	21.7031	6.11424	0.127945	0.281723	0.999316
BranAssembly	NODE_131_length_8550_cov_9.261120	22.3473	6.56998	0.139263	0.293995	0.997427
BranAssembly	NODE_132_length_8483_cov_10.027916	22.8267	6.41038	0.136416	0.280828	0.999882
BranAssembly	NODE_133_length_8211_cov_10.458323	24.0206	6.64647	0.143764	0.276699	0.999513
BranAssembly	NODE_134_length_8181_cov_9.363101	22.371	6.27992	0.136084	0.280717	0.996577
BranAssembly	NODE_135_length_8122_cov_9.435809	22.5425	6.38226	0.138803	0.283122	0.999754
BranAssembly	NODE_136_length_8047_cov_9.749688	22.2377	6.07186	0.132666	0.273043	0.999379
BranAssembly	NODE_137_length_8043_cov_9.685301	21.7712	6.3411	0.138583	0.29126	1
BranAssembly	NODE_138_length_8019_cov_9.025657	21.6299	6.78144	0.148429	0.313522	0.998628
BranAssembly	NODE_139_length_8013_cov_9.435120	22.3146	6.53829	0.14316	0.293005	1
BranAssembly	NODE_140_length_7995_cov_9.873964	22.6469	6.41771	0.140678	0.283381	0.99925
BranAssembly	NODE_141_length_7859_cov_9.651596	22.6005	6.11267	0.135146	0.270467	0.999618
BranAssembly	NODE_142_length_7803_cov_9.842938	22.5525	7.17879	0.159285	0.318315	0.999231
BranAssembly	NODE_143_length_7790_cov_9.671305	22.4406	6.89239	0.153058	0.30714	1
BranAssembly	NODE_144_length_7715_cov_9.318501	22.2165	6.15562	0.13736	0.277075	0.999352
BranAssembly	NODE_145_length_7706_cov_9.574443	22.5141	6.66815	0.148884	0.296176	1
BranAssembly	NODE_146_length_7600_cov_9.297319	21.7304	6.4553	0.145133	0.297063	1
BranAssembly	NODE_147_length_7515_cov_8.979829	21.1055	6.6682	0.150765	0.315946	1
BranAssembly	NODE_148_length_7454_cov_9.176162	22.0728	6.11329	0.138783	0.27696	0.999463
BranAssembly	NODE_149_length_7439_cov_9.913900	22.7114	6.8373	0.155376	0.301052	0.999866
BranAssembly	NODE_150_length_7430_cov_9.938116	22.582	6.46075	0.146908	0.286102	1
BranAssembly	NODE_151_length_7409_cov_8.991463	21.5742	6.43578	0.146547	0.29831	0.999865
BranAssembly	NODE_152_length_7367_cov_9.941128	22.9027	7.45452	0.170228	0.325487	1
BranAssembly	NODE_153_length_7263_cov_9.822367	22.9412	7.44062	0.171122	0.324334	0.999725
BranAssembly	NODE_154_length_7245_cov_9.166436	21.6943	5.79226	0.133378	0.266995	0.999862
BranAssembly	NODE_155_length_7202_cov_9.568800	22.3956	5.92321	0.1368	0.264481	0.999722
BranAssembly	NODE_156_length_7142_cov_9.888936	22.6766	6.65435	0.154331	0.293446	1
BranAssembly	NODE_158_length_7101_cov_10.307410	23.6978	6.63613	0.154352	0.280032	0.999437
BranAssembly	NODE_159_length_7012_cov_8.159530	20.4983	5.44727	0.127501	0.265742	0.999002
BranAssembly	NODE_160_length_6917_cov_9.453688	22.1155	6.30698	0.148634	0.285184	1
BranAssembly	NODE_162_length_6793_cov_8.271733	20.5174	7.00502	0.166584	0.341418	0.997939
BranAssembly	NODE_163_length_6664_cov_10.963979	23.6573	6.32267	0.151806	0.267261	1
BranAssembly	NODE_164_length_6574_cov_9.134607	21.7695	6.82229	0.164919	0.313387	0.998783
BranAssembly	NODE_165_length_6534_cov_9.716065	22.8716	6.70778	0.162647	0.29328	0.99847
BranAssembly	NODE_166_length_6459_cov_9.735770	22.8178	6.61816	0.161403	0.290044	1
BranAssembly	NODE_167_length_6336_cov_8.250040	20.1558	5.9908	0.147514	0.297225	0.999527
BranAssembly	NODE_168_length_6322_cov_9.436517	22.2724	6.09018	0.150127	0.273441	0.999684
BranAssembly	NODE_169_length_6321_cov_9.624603	22.6648	5.98245	0.147483	0.263954	0.999842
BranAssembly	NODE_170_length_6286_cov_10.027809	23.3694	7.0269	0.173713	0.300688	0.999682
BranAssembly	NODE_172_length_6127_cov_7.917350	19.6417	6.20898	0.155472	0.316111	0.999674
BranAssembly	NODE_173_length_6099_cov_9.327677	22.3087	6.46894	0.162353	0.289973	0.999836
BranAssembly	NODE_174_length_6094_cov_9.783842	23.3288	6.34322	0.159263	0.271905	0.999836
BranAssembly	NODE_175_length_5926_cov_8.793963	21.1822	6.20851	0.158075	0.2931	0.998988
BranAssembly	NODE_176_length_5883_cov_9.666382	23.0925	6.02259	0.1539	0.260803	1
BranAssembly	NODE_177_length_5851_cov_9.076606	22.1955	6.70916	0.171913	0.302276	0.999316
BranAssembly	NODE_178_length_5845_cov_9.238652	22.4462	6.11031	0.156649	0.27222	0.999658
BranAssembly	NODE_179_length_5780_cov_7.538863	18.4092	6.3131	0.162755	0.342932	0.999308
BranAssembly	NODE_180_length_5758_cov_9.684238	22.7949	6.40175	0.165356	0.280841	0.998263
BranAssembly	NODE_181_length_5748_cov_10.716559	23.3104	6.64227	0.171717	0.284949	0.999826
BranAssembly	NODE_182_length_5737_cov_9.654870	22.2604	7.16939	0.185522	0.322069	1
BranAssembly	NODE_183_length_5717_cov_9.214487	21.2806	6.22228	0.161295	0.292393	0.99965
BranAssembly	NODE_184_length_5576_cov_9.828195	23.1139	6.44701	0.169221	0.278924	0.999641
BranAssembly	NODE_185_length_5560_cov_10.227807	23.6806	6.28892	0.165308	0.265573	0.997662
BranAssembly	NODE_186_length_5534_cov_9.218347	22.1064	6.4312	0.169445	0.29092	0.998554
BranAssembly	NODE_187_length_5519_cov_9.340984	22.1062	5.999	0.158272	0.271372	1
BranAssembly	NODE_189_length_5339_cov_9.448776	22.3984	6.68475	0.179313	0.298448	1
BranAssembly	NODE_190_length_5303_cov_8.429465	20.2054	6.45277	0.173677	0.319359	1
BranAssembly	NODE_191_length_5290_cov_9.413800	22.0694	6.79035	0.182987	0.307682	1
BranAssembly	NODE_192_length_5277_cov_9.514672	21.9231	6.26653	0.169079	0.285842	1
BranAssembly	NODE_193_length_5228_cov_7.492402	19.0901	5.81674	0.157677	0.304699	0.999809
BranAssembly	NODE_194_length_5090_cov_9.369492	21.6269	6.29692	0.172992	0.291161	0.999804
BranAssembly	NODE_195_length_5079_cov_9.382772	21.9665	6.90039	0.189776	0.314132	0.999606
BranAssembly	NODE_196_length_5043_cov_8.796968	21.5469	5.94985	0.164217	0.276135	0.999603
BranAssembly	NODE_197_length_4953_cov_9.672218	22.6255	7.1284	0.198524	0.315061	0.999798
BranAssembly	NODE_198_length_4913_cov_8.406224	21.301	5.88359	0.164523	0.276212	0.999186
BranAssembly	NODE_199_length_4895_cov_9.298808	22.3303	6.51596	0.18254	0.291799	1
BranAssembly	NODE_200_length_4890_cov_10.875129	24.4984	7.22213	0.202426	0.294801	0.997751
BranAssembly	NODE_201_length_4809_cov_9.399791	21.7846	7.39134	0.208906	0.339292	1
BranAssembly	NODE_202_length_4802_cov_9.298764	22.5062	6.25403	0.176891	0.27788	0.999792
BranAssembly	NODE_203_length_4735_cov_8.921589	20.9504	6.44351	0.183535	0.30756	1
BranAssembly	NODE_204_length_4680_cov_9.565900	22.6017	7.08766	0.203066	0.31359	0.998291
BranAssembly	NODE_205_length_4680_cov_9.485057	22.4688	6.55616	0.187838	0.291789	0.999359
BranAssembly	NODE_206_length_4660_cov_9.316994	21.4839	6.09369	0.174962	0.28364	0.999142
BranAssembly	NODE_208_length_4609_cov_9.014847	21.8607	6.44634	0.186108	0.294883	1
BranAssembly	NODE_209_length_4547_cov_9.136344	21.9897	6.81675	0.19814	0.309998	1
BranAssembly	NODE_210_length_4532_cov_10.084166	23.534	6.78759	0.197618	0.288417	0.998897
BranAssembly	NODE_211_length_4516_cov_8.943392	21.3811	6.66388	0.19436	0.311672	0.999336
BranAssembly	NODE_212_length_4445_cov_9.362545	22.2621	6.7431	0.198235	0.302896	0.998875
BranAssembly	NODE_213_length_4355_cov_10.686546	24.1871	6.46116	0.191899	0.267132	0.996785
BranAssembly	NODE_214_length_4322_cov_9.594922	21.972	6.43221	0.191767	0.292746	1
BranAssembly	NODE_215_length_4292_cov_9.397373	21.7395	6.68086	0.199875	0.307314	0.993476
BranAssembly	NODE_216_length_4239_cov_9.153444	21.8592	6.43282	0.193654	0.294285	0.998349
BranAssembly	NODE_218_length_4222_cov_9.589316	21.3096	7.70766	0.232498	0.361699	1
BranAssembly	NODE_219_length_4216_cov_8.295916	20.8423	6.46843	0.195256	0.310352	0.991698
BranAssembly	NODE_220_length_4173_cov_9.717423	22.0386	6.12492	0.185837	0.277918	0.99976
BranAssembly	NODE_221_length_4033_cov_9.122378	21.5797	6.27592	0.193696	0.290825	1
BranAssembly	NODE_222_length_4001_cov_10.646777	23.4036	7.42704	0.230138	0.317346	1
BranAssembly	NODE_223_length_3997_cov_8.964718	21.0235	6.79464	0.210647	0.323192	1
BranAssembly	NODE_224_length_3960_cov_10.098703	23.1765	7.4978	0.23353	0.323509	1
BranAssembly	NODE_225_length_3958_cov_9.801222	22.4255	6.3683	0.1984	0.283976	0.999747
BranAssembly	NODE_226_length_3931_cov_8.653255	20.8107	6.02748	0.188426	0.289633	0.999237
BranAssembly	NODE_227_length_3879_cov_10.058442	21.8667	7.53125	0.237008	0.344416	0.999742
BranAssembly	NODE_228_length_3867_cov_10.825690	24.1358	6.65446	0.20974	0.275709	0.999741
BranAssembly	NODE_229_length_3842_cov_9.688172	22.7499	7.00113	0.221384	0.307744	0.998438
BranAssembly	NODE_230_length_3793_cov_9.011424	22.048	5.9695	0.189978	0.27075	0.999736
BranAssembly	NODE_231_length_3759_cov_11.326542	22.1772	6.87544	0.219796	0.310023	0.999468
BranAssembly	NODE_232_length_3663_cov_8.492020	20.7797	5.97892	0.193625	0.287729	1
BranAssembly	NODE_233_length_3543_cov_8.278884	20.6342	6.84335	0.225341	0.331651	0.998589
BranAssembly	NODE_234_length_3540_cov_10.772999	23.7684	7.91452	0.260723	0.332985	0.999435
BranAssembly	NODE_235_length_3501_cov_8.901786	20.8755	6.68711	0.221513	0.320333	1
BranAssembly	NODE_236_length_3456_cov_9.757222	22.3168	6.82673	0.227605	0.3059	1
BranAssembly	NODE_237_length_3428_cov_8.120330	20.0172	7.3692	0.246693	0.368143	1
BranAssembly	NODE_238_length_3419_cov_9.316224	21.6996	6.93876	0.232589	0.319764	0.999415
BranAssembly	NODE_239_length_3392_cov_9.228665	21.288	6.73486	0.226651	0.316369	0.999705
BranAssembly	NODE_240_length_3350_cov_8.978621	21.6206	6.06061	0.205234	0.280316	1
BranAssembly	NODE_241_length_3316_cov_9.309401	21.43	6.98656	0.2378	0.326017	0.998794
BranAssembly	NODE_242_length_3302_cov_10.285060	22.9213	6.48946	0.221348	0.28312	0.993943
BranAssembly	NODE_243_length_3233_cov_9.365481	21.3019	5.8996	0.203365	0.276952	1
BranAssembly	NODE_244_length_3230_cov_10.328335	23.0498	7.76834	0.267906	0.337023	0.99969
BranAssembly	NODE_246_length_3158_cov_8.223714	19.9383	6.37892	0.222483	0.319934	0.999683
BranAssembly	NODE_247_length_3140_cov_9.125362	22.0299	6.15617	0.215329	0.279446	0.998408
BranAssembly	NODE_248_length_3120_cov_10.293756	22.9929	6.41622	0.225143	0.279052	0.993269
BranAssembly	NODE_249_length_3100_cov_8.119505	19.9252	7.10249	0.250026	0.356458	1
BranAssembly	NODE_250_length_3092_cov_9.148547	22.2348	6.77144	0.238681	0.304542	1
BranAssembly	NODE_251_length_3068_cov_8.668970	21.5274	6.70817	0.237374	0.311611	1
BranAssembly	NODE_252_length_3052_cov_9.209395	22.1678	6.56129	0.232784	0.295983	0.999345
BranAssembly	NODE_253_length_3022_cov_5.573338	14.6128	5.25432	0.187338	0.359569	1
BranAssembly	NODE_254_length_3003_cov_9.662744	22.0606	6.81942	0.243908	0.309122	0.999001
BranAssembly	NODE_255_length_2979_cov_9.185424	21.8033	6.78156	0.243529	0.311034	1
BranAssembly	NODE_256_length_2905_cov_8.485049	20.7597	6.19589	0.225313	0.298457	1
BranAssembly	NODE_257_length_2904_cov_6.855652	17.5702	5.96401	0.216918	0.339438	0.998278
BranAssembly	NODE_258_length_2901_cov_9.458565	22.1458	6.50896	0.236861	0.293914	0.994485
BranAssembly	NODE_259_length_2897_cov_8.627615	19.913	6.77999	0.246894	0.34048	0.998619
BranAssembly	NODE_260_length_2852_cov_8.512575	19.4127	6.56608	0.240983	0.338236	0.998948
BranAssembly	NODE_262_length_2809_cov_8.353597	20.2097	5.93358	0.21943	0.293601	0.998932
BranAssembly	NODE_263_length_2803_cov_8.716294	21.2269	6.27727	0.232389	0.295722	0.998216
BranAssembly	NODE_264_length_2798_cov_9.454677	22.109	6.33268	0.23465	0.28643	1
BranAssembly	NODE_265_length_2797_cov_9.739162	22.7097	6.34387	0.235106	0.279346	0.99571
BranAssembly	NODE_267_length_2740_cov_9.518997	21.9847	6.95196	0.260308	0.316218	0.998175
BranAssembly	NODE_268_length_2730_cov_8.802295	21.4407	6.97434	0.261624	0.325285	1
BranAssembly	NODE_270_length_2646_cov_9.586167	22.5178	6.78998	0.25872	0.301539	1
BranAssembly	NODE_271_length_2642_cov_9.833142	22.5011	7.07654	0.269843	0.314497	0.992808
BranAssembly	NODE_272_length_2626_cov_8.913747	21.1599	6.65179	0.254418	0.314358	1
BranAssembly	NODE_273_length_2587_cov_9.460125	21.995	6.59851	0.254275	0.300001	1
BranAssembly	NODE_274_length_2552_cov_8.463734	20.5635	6.85828	0.266091	0.333517	0.995298
BranAssembly	NODE_275_length_2521_cov_10.513242	23.3665	6.71749	0.262227	0.287484	1
BranAssembly	NODE_276_length_2493_cov_9.532873	20.7405	5.99582	0.235366	0.289088	0.999198
BranAssembly	NODE_277_length_2479_cov_10.466122	23.6886	7.22439	0.284393	0.304974	1
BranAssembly	NODE_279_length_2463_cov_8.614626	20.3427	7.10826	0.280729	0.349426	0.999594
BranAssembly	NODE_280_length_2446_cov_8.304923	20.7445	6.04654	0.239626	0.291477	0.999591
BranAssembly	NODE_281_length_2380_cov_8.558486	20.9496	6.51572	0.261776	0.311019	0.998319
BranAssembly	NODE_282_length_2378_cov_8.542358	21.5059	6.14112	0.24683	0.285555	1
BranAssembly	NODE_283_length_2352_cov_9.885062	22.5043	7.02371	0.28386	0.312106	0.996599
BranAssembly	NODE_284_length_2348_cov_8.689090	21.379	5.53949	0.224066	0.259108	1
BranAssembly	NODE_285_length_2336_cov_9.907672	22.5505	7.41522	0.300707	0.328827	1
BranAssembly	NODE_286_length_2329_cov_9.873913	21.9875	6.77278	0.275067	0.308028	1
BranAssembly	NODE_287_length_2322_cov_8.644134	19.8286	7.06271	0.287274	0.356188	0.999569
BranAssembly	NODE_288_length_2286_cov_9.306602	21.6833	6.5403	0.268111	0.301628	1
BranAssembly	NODE_289_length_2274_cov_6.005345	16.2709	5.99322	0.246332	0.36834	1
BranAssembly	NODE_290_length_2237_cov_11.197464	24.2977	7.03588	0.291569	0.28957	1
BranAssembly	NODE_291_length_2227_cov_9.909463	22.4252	6.587	0.273579	0.293732	0.999551
BranAssembly	NODE_292_length_2162_cov_8.886076	21.8501	5.88777	0.248187	0.269461	0.999537
BranAssembly	NODE_293_length_2151_cov_9.479736	21.8954	6.61379	0.279503	0.302063	0.99907
BranAssembly	NODE_294_length_2092_cov_8.571013	19.9618	6.33878	0.271632	0.317546	1
BranAssembly	NODE_295_length_2069_cov_7.049020	18.0884	6.51321	0.280654	0.360075	0.999033
BranAssembly	NODE_296_length_2059_cov_7.148768	18.4138	6.65968	0.287661	0.361668	1
BranAssembly	NODE_297_length_2037_cov_9.861056	21.4374	7.48027	0.324846	0.348935	0.998527
BranAssembly	NODE_298_length_2018_cov_8.637506	21.1858	6.48079	0.282764	0.305902	0.996036
BranAssembly	NODE_299_length_1961_cov_7.677019	19.1086	6.86639	0.303911	0.359335	0.99949
BranAssembly	NODE_300_length_1955_cov_9.886293	22.379	6.54444	0.290105	0.292436	1
BranAssembly	NODE_301_length_1925_cov_9.383439	22.4421	6.11869	0.273337	0.272644	1
BranAssembly	NODE_302_length_1914_cov_9.771883	22.1745	6.60585	0.295947	0.297903	0.998955
BranAssembly	NODE_305_length_1836_cov_8.506918	20.0931	7.03458	0.321779	0.350099	1
BranAssembly	NODE_306_length_1829_cov_8.598333	20.6616	6.09015	0.279111	0.294758	1
BranAssembly	NODE_307_length_1824_cov_9.293593	21.091	6.57526	0.301756	0.311757	0.996711
BranAssembly	NODE_308_length_1800_cov_8.966685	21.7383	6.64746	0.307097	0.305794	0.999444
BranAssembly	NODE_310_length_1769_cov_7.082184	17.4811	6.18746	0.28834	0.353952	1
BranAssembly	NODE_311_length_1765_cov_7.256336	18.1365	6.71365	0.313215	0.370173	1
BranAssembly	NODE_312_length_1737_cov_9.296838	21.9286	5.84826	0.275032	0.266695	0.998273
BranAssembly	NODE_313_length_1719_cov_9.142012	21.3909	5.93043	0.280353	0.277241	1
BranAssembly	NODE_314_length_1709_cov_10.725595	23.3891	6.83613	0.324112	0.292278	0.999415
BranAssembly	NODE_315_length_1708_cov_9.097082	21.4473	6.66004	0.315856	0.31053	1
BranAssembly	NODE_316_length_1652_cov_9.457794	21.2191	9.49878	0.458056	0.447652	0.99092
BranAssembly	NODE_317_length_1603_cov_7.454892	18.4236	7.68985	0.37645	0.417392	0.998752
BranAssembly	NODE_318_length_1590_cov_8.921204	20.7358	6.58735	0.323793	0.317679	1
BranAssembly	NODE_319_length_1581_cov_9.579253	22.0114	6.44736	0.317813	0.29291	0.998102
BranAssembly	NODE_320_length_1578_cov_7.828922	19.0463	5.23767	0.258429	0.274997	0.998733
BranAssembly	NODE_322_length_1532_cov_9.951430	21.8805	6.78787	0.339907	0.310224	0.999347
BranAssembly	NODE_323_length_1531_cov_6.891478	16.8694	6.37331	0.319252	0.377804	1
BranAssembly	NODE_324_length_1527_cov_9.060080	21.2181	7.41864	0.372101	0.349638	0.994761
BranAssembly	NODE_327_length_1455_cov_8.166199	19.9622	5.87375	0.301815	0.294244	1
BranAssembly	NODE_329_length_1448_cov_8.188161	19.7949	7.4836	0.385462	0.378057	0.997928
BranAssembly	NODE_330_length_1422_cov_8.394113	19.4641	6.67234	0.346804	0.342802	0.986639
BranAssembly	NODE_331_length_1411_cov_9.984081	21.9227	7.92446	0.413487	0.361472	0.995748
BranAssembly	NODE_332_length_1370_cov_9.445936	22.5876	7.90777	0.418745	0.350094	0.993431
BranAssembly	NODE_333_length_1353_cov_10.283233	23.3045	5.65976	0.301582	0.242861	0.998522
BranAssembly	NODE_334_length_1276_cov_8.449880	19.8582	5.83977	0.320425	0.294074	0.99373
BranAssembly	NODE_336_length_1233_cov_8.807309	19.914	7.33725	0.409551	0.368446	1
BranAssembly	NODE_337_length_1220_cov_10.074727	22.5393	7.12518	0.399827	0.316122	1
BranAssembly	NODE_338_length_1219_cov_7.785714	18.7416	7.26898	0.408063	0.387853	0.998359
BranAssembly	NODE_339_length_1213_cov_9.952703	22.0585	7.54699	0.424717	0.342135	1
BranAssembly	NODE_340_length_1190_cov_10.133506	21.8697	6.20374	0.352481	0.283668	0.995798
BranAssembly	NODE_343_length_1177_cov_11.515679	23.531	7.70655	0.440279	0.327506	1
BranAssembly	NODE_344_length_1176_cov_19.188317	33.8861	9.29115	0.531033	0.274188	0.99915
BranAssembly	NODE_347_length_1085_cov_5.305871	15.341	5.66514	0.337095	0.369281	1
BranAssembly	NODE_350_length_1050_cov_8.148874	18.9029	8.2379	0.498285	0.435802	1
BranAssembly	NODE_351_length_1025_cov_6.967871	17.9288	6.27498	0.384155	0.349995	1
BranAssembly	NODE_352_length_1024_cov_7.923618	19.3516	7.99862	0.489916	0.413332	1
BranAssembly	NODE_353_length_1018_cov_8.582406	21.6365	6.40217	0.393287	0.295896	1
BranAssembly	NODE_356_length_977_cov_8.077004	19.1484	5.868	0.367959	0.306448	0.994882
BranAssembly	NODE_357_length_977_cov_5.647679	14.6684	6.14267	0.385182	0.41877	1
BranAssembly	NODE_359_length_959_cov_7.800000	19.4453	6.35637	0.402305	0.326885	0.998957
BranAssembly	NODE_360_length_939_cov_8.945055	20.36	7.175	0.458929	0.352408	0.980831
BranAssembly	NODE_361_length_938_cov_7.954895	18.3859	8.04666	0.514956	0.437653	1
BranAssembly	NODE_362_length_934_cov_6.287293	15.4946	5.09539	0.326784	0.328849	0.996788
BranAssembly	NODE_365_length_874_cov_8.846154	20.357	6.26828	0.415574	0.307918	0.998856
BranAssembly	NODE_366_length_869_cov_7.341667	16.6824	6.45996	0.429513	0.387232	1
BranAssembly	NODE_368_length_846_cov_7.708690	17.9835	7.34411	0.494891	0.408381	0.996454
BranAssembly	NODE_370_length_838_cov_9.814586	21.7076	7.53998	0.51051	0.347342	0.997613
BranAssembly	NODE_371_length_823_cov_8.557935	20.271	7.56491	0.516845	0.37319	0.996355
BranAssembly	NODE_372_length_814_cov_4.751592	12.4201	5.14869	0.353704	0.414543	1
BranAssembly	NODE_374_length_812_cov_63.301405	49.8017	10.6865	0.735043	0.214581	1
BranAssembly	NODE_377_length_763_cov_7.175749	19.2372	9.61623	0.682337	0.499876	0.973788
BranAssembly	NODE_380_length_713_cov_6.732456	16.5231	6.62202	0.486073	0.400772	1
BranAssembly	NODE_381_length_704_cov_6.284444	15.7088	7.71816	0.570143	0.491327	1
BranAssembly	NODE_387_length_660_cov_7.213946	16.7742	5.81265	0.443464	0.346522	1
BranAssembly	NODE_388_length_643_cov_7.938111	18.5381	6.82505	0.527542	0.368164	0.981337
BranAssembly	NODE_389_length_641_cov_7.882353	17.1778	6.77148	0.524216	0.394198	0.99064
BranAssembly	NODE_391_length_635_cov_8.922442	19.4945	9.1659	0.712926	0.470179	0.998425
BranAssembly	NODE_393_length_629_cov_5.085000	14.3879	5.50983	0.430595	0.382949	1
BranAssembly	NODE_394_length_619_cov_4.577966	12.588	5.60088	0.441232	0.444937	1
BranAssembly	NODE_398_length_611_cov_21.348797	32.275	9.43579	0.748193	0.292356	1
BranAssembly	NODE_400_length_573_cov_8.358456	20.822	7.33894	0.600914	0.352461	1
BranAssembly	NODE_404_length_517_cov_5.637295	13.6944	5.27644	0.454833	0.385299	1
BranAssembly	NODE_408_length_504_cov_5.528421	12.621	7.11089	0.620818	0.563416	1
BranAssembly	NODE_409_length_498_cov_9.168443	20.7932	9.06156	0.795874	0.435795	0.997992
BranAssembly	NODE_418_length_462_cov_5.736721	14.5952	6.79242	0.619384	0.465386	0.984848
BranAssembly	NODE_419_length_461_cov_9.678241	20.9328	7.85151	0.716735	0.375083	1
BranAssembly	NODE_421_length_460_cov_8.245940	18.5261	5.75943	0.526328	0.310882	1
BranAssembly	NODE_431_length_432_cov_7.260546	15.7245	7.9504	0.749727	0.505605	1
BranAssembly	NODE_436_length_418_cov_7.473008	17.6938	7.22284	0.69243	0.408213	1
BranAssembly	NODE_437_length_417_cov_5.252577	13.0839	5.86582	0.563011	0.448322	1
BranAssembly	NODE_440_length_414_cov_9.207792	19.2029	6.27951	0.604897	0.327009	1
BranAssembly	NODE_452_length_388_cov_4.930362	13.0979	6.8666	0.683254	0.52425	1
BranAssembly	NODE_453_length_386_cov_9.036415	20.3497	7.20963	0.719242	0.354286	0.981865
BranAssembly	NODE_458_length_365_cov_26.327381	33.7452	9.75892	1.00118	0.289194	0.99726
BranAssembly	NODE_460_length_362_cov_10.069069	21	11.1256	1.14611	0.529791	0.936464
BranAssembly	NODE_465_length_354_cov_9.553846	18.6158	7.8178	0.814402	0.419954	0.997175
BranAssembly	NODE_479_length_335_cov_3.539216	10.3194	4.43488	0.474914	0.429761	0.99403
BranAssembly	NODE_487_length_325_cov_9.587838	17.9846	7.18308	0.780954	0.399402	0.996923
BranAssembly	NODE_491_length_324_cov_5.084746	9.79012	4.3204	0.470443	0.441302	0.990741
BranAssembly	NODE_494_length_322_cov_8.839590	18.6025	7.13297	0.779109	0.383442	1
BranAssembly	NODE_504_length_315_cov_7.097902	16.3365	7.50795	0.829129	0.459581	1
BranAssembly	NODE_510_length_312_cov_7.381625	16.8526	7.62486	0.846079	0.452445	0.99359
BranAssembly	NODE_559_length_289_cov_6.784615	14.564	7.79652	0.898893	0.535328	0.972318
BranAssembly	NODE_569_length_283_cov_6.972441	17.258	7.14666	0.832657	0.414108	0.985866
BranAssembly	NODE_577_length_279_cov_6.168000	14.5627	6.31623	0.74116	0.433726	0.992832
BranAssembly	NODE_616_length_269_cov_19.591667	30.4833	15.0594	1.79965	0.494021	0.973978
BranAssembly	NODE_623_length_267_cov_5.840336	13.5618	5.95669	0.714505	0.439226	0.988764
BranAssembly	NODE_641_length_263_cov_14.581197	20.7567	8.08567	0.977224	0.389546	1
BranAssembly	NODE_658_length_259_cov_7.604348	16.1853	7.29709	0.888701	0.450846	0.96139
BranAssembly	NODE_674_length_254_cov_5.088889	11.7087	6.1184	0.752449	0.522553	0.992126
BranAssembly	NODE_679_length_252_cov_9.215247	18.0278	7.17436	0.885807	0.397961	1
BranAssembly	NODE_726_length_243_cov_7.004673	15.7078	8.18667	1.02934	0.521185	0.983539
BranAssembly	NODE_904_length_220_cov_6.973822	14.3545	7.00725	0.92596	0.488156	0.972727
BranAssembly	NODE_979_length_215_cov_4.048387	9.8093	4.54189	0.607118	0.463018	1
BranAssembly	NODE_1010_length_213_cov_9.603261	18.0329	8.0143	1.0763	0.444427	0.976526
BranAssembly	NODE_1202_length_201_cov_3.662791	11.4478	5.9541	0.82314	0.52011	1
