# table produced by mapDamage version 2.0.3
# using mapped file tmp1.sam and /home/sam/Scratch/Databases/hg38Poinar/Hardmasked/hg38Hard.fasta as reference file
# Chr: reference from sam/bam header, End: from which termini of DNA sequences, Std: strand of reads
Chr	End	Std	Pos	A	C	G	T	Total	G>A	C>T	A>G	T>C	A>C	A>T	C>G	C>A	T>G	T>A	G>C	G>T	A>-	T>-	C>-	G>-	->A	->T	->C	->G	S
*	3p	+	1	741453	441321	533035	418219	2134028	109426	1047	2841	1803	467	566	1205	1423	969	1095	391	1625	0	0	0	0	0	0	0	0	0
*	3p	+	2	723223	420811	453705	541055	2138794	55982	816	2407	1968	342	533	768	791	640	823	266	1254	0	1	0	0	1	1	1	0	0
*	3p	+	3	728646	401278	463187	550293	2143404	39536	763	2141	2070	246	464	498	527	425	527	225	637	0	1	0	0	9	5	8	2	0
*	3p	+	4	711671	388684	467671	578135	2146161	30734	686	2172	2050	240	434	214	415	269	438	192	304	0	1	1	1	28	19	13	21	0
*	3p	+	5	705800	400724	455828	585290	2147642	23230	718	2029	1966	251	358	195	450	204	399	171	316	1	3	2	1	67	59	48	39	0
*	3p	+	6	698307	409152	441132	599274	2147865	17585	755	2104	1932	249	406	177	441	233	400	159	283	11	17	6	16	303	311	276	286	0
*	3p	+	7	693852	407667	445329	601487	2148335	14090	904	2137	1874	217	360	202	357	252	367	173	323	85	99	91	92	372	305	313	346	0
*	3p	+	8	686358	411103	447382	603949	2148792	11085	1256	2144	1828	218	340	185	376	219	374	164	314	112	103	98	129	348	316	289	293	0
*	3p	+	9	682957	414953	441802	609494	2149206	8786	1350	2098	1860	225	345	183	334	250	332	166	310	135	112	125	113	306	241	250	302	0
*	3p	+	10	666907	420391	445646	616480	2149424	7421	1447	2087	1948	207	353	214	335	235	369	160	317	141	117	106	140	257	263	241	265	0
*	3p	+	11	661209	424971	445403	617969	2149552	6247	1502	2039	1952	214	324	174	335	232	331	151	297	109	110	107	112	269	243	235	249	0
*	3p	+	12	653635	427943	445392	622724	2149694	5226	1534	2060	1922	214	417	190	345	215	353	165	321	140	132	105	105	252	219	229	213	0
*	3p	+	13	654208	427546	447257	620693	2149704	4518	1529	2051	1800	194	355	179	311	217	345	156	353	133	124	109	101	277	241	204	213	0
*	3p	+	14	651277	428856	445887	623687	2149707	4126	1616	2023	1870	205	349	177	320	215	329	178	290	147	134	96	109	252	249	223	222	0
*	3p	+	15	649424	432158	443754	624384	2149720	3606	1615	1954	1846	177	341	189	322	220	355	133	331	136	141	112	97	242	250	221	230	0
*	3p	+	16	645805	434671	444084	625121	2149681	3376	1712	2045	1923	218	371	202	340	213	330	162	323	190	162	105	108	276	244	231	242	0
*	3p	+	17	641920	437775	442197	627803	2149695	3023	1685	1994	1832	228	350	162	304	196	347	190	338	190	158	81	107	296	254	203	211	0
*	3p	+	18	636877	441585	439673	631503	2149638	2810	1853	2002	1851	214	339	174	308	211	355	175	318	185	174	98	122	312	263	228	217	0
*	3p	+	19	635773	441118	438983	633706	2149580	2589	2120	2012	1961	198	347	171	321	235	323	182	305	206	185	103	102	289	307	235	226	0
*	3p	+	20	633509	441427	437735	636836	2149507	2405	2324	1993	1875	202	373	178	292	236	318	178	317	210	208	111	100	314	315	223	249	0
*	3p	+	21	633588	440453	435123	640333	2149497	2413	2664	1970	1929	222	339	166	340	217	299	195	319	229	202	105	126	315	286	261	228	0
*	3p	+	22	633284	439682	433512	642937	2149415	2201	3228	2085	1835	213	348	166	325	223	340	172	311	190	192	112	115	301	290	264	263	0
*	3p	+	23	631126	439735	431042	647328	2149231	2015	4009	1892	1945	208	320	167	335	197	348	184	325	237	190	121	110	343	337	249	303	0
*	3p	+	24	630367	440658	427178	650816	2149019	1909	4949	1988	1915	211	366	167	343	230	332	164	350	234	224	147	128	349	363	298	273	0
*	3p	+	25	628036	440410	425677	654520	2148643	1818	6210	2063	1836	240	373	170	347	201	320	183	334	199	224	123	138	360	384	366	301	0
*	3p	+	26	623183	443407	422654	659022	2148266	1705	7877	2040	1870	219	376	174	328	220	379	180	359	206	221	136	110	363	411	377	347	0
*	3p	+	27	616886	446489	421023	663526	2147924	1501	10257	1920	1907	208	385	153	344	245	331	193	364	201	226	136	102	359	381	281	283	0
*	3p	+	28	610725	448247	417523	670807	2147302	1489	13491	2045	1884	241	423	198	327	254	340	228	393	203	201	103	112	312	323	269	239	0
*	3p	+	29	602792	450077	417119	676372	2146360	1333	18387	2069	1947	286	434	198	434	252	384	324	457	162	164	97	81	249	248	181	167	0
*	3p	+	30	584330	457857	421471	681219	2144877	1233	28185	2047	2102	391	524	218	547	281	406	434	557	121	133	87	69	185	244	135	106	0
*	3p	+	31	520628	408826	374319	616180	1919953	1075	26984	1824	1842	347	448	164	551	204	348	411	503	100	116	70	57	169	190	99	80	0
*	3p	+	32	462053	360863	329175	552006	1704097	874	25172	1478	1624	305	399	155	455	157	288	330	429	83	78	47	49	143	174	79	68	0
*	3p	+	33	406789	316983	287404	491150	1502326	779	23112	1410	1376	258	310	140	381	146	227	307	386	69	70	30	24	104	153	56	52	0
*	3p	+	34	355889	276030	249431	435079	1316429	640	20828	1236	1279	256	306	106	386	156	198	273	318	71	59	39	30	78	98	37	47	0
*	3p	+	35	309466	241647	216151	380630	1147894	564	18875	1056	1063	196	278	91	301	110	174	221	297	46	44	34	23	75	88	43	46	0
*	3p	+	36	267528	210587	186637	332953	997705	478	17088	849	918	170	200	61	295	77	154	197	235	40	40	24	12	58	82	42	37	0
*	3p	+	37	230498	182105	161075	290396	864074	383	15210	764	795	135	181	44	237	67	119	172	181	33	31	18	14	43	73	44	42	0
*	3p	+	38	197761	157341	138805	252294	746201	385	13371	686	723	112	132	65	209	75	128	155	176	35	34	19	12	51	66	37	26	0
*	3p	+	39	170317	135766	119722	217132	642937	301	11896	607	573	96	141	44	194	62	96	127	164	24	26	15	17	45	51	30	39	0
*	3p	+	40	146656	116581	102265	188330	553832	274	10395	485	530	107	95	47	164	55	86	111	125	20	20	8	4	36	63	32	28	0
*	3p	+	41	126174	100511	87808	161879	476372	225	9396	455	457	95	104	47	116	55	79	76	136	19	19	14	7	46	37	24	25	0
*	3p	+	42	109205	86185	74514	140132	410036	180	8318	384	415	74	107	39	123	50	73	94	109	21	20	10	5	33	37	23	24	0
*	3p	+	43	93109	73957	64059	119721	350846	152	7302	327	352	60	65	32	104	34	61	85	101	16	13	8	1	33	37	12	12	0
*	3p	+	44	79116	62850	54485	103108	299559	126	6215	275	289	52	74	20	70	32	38	55	93	10	9	6	4	27	39	18	18	0
*	3p	+	45	67963	53518	46441	88215	256137	117	5170	213	247	53	66	25	81	25	32	55	75	8	19	8	2	21	21	12	13	0
*	3p	+	46	58118	45580	39502	75748	218948	102	4449	181	209	35	56	12	53	22	28	40	65	5	13	3	1	23	9	10	11	0
*	3p	+	47	49806	38978	33808	64665	187257	84	3784	160	200	39	46	22	53	17	34	30	40	2	10	3	2	19	18	11	7	0
*	3p	+	48	42520	33328	28588	55408	159844	80	3196	133	155	22	30	11	41	22	21	40	45	4	1	3	2	17	18	5	10	0
*	3p	+	49	36432	28722	24230	47181	136565	50	2739	128	127	17	32	12	21	18	14	26	40	6	5	2	4	9	9	10	7	0
*	3p	+	50	31216	24280	20692	40349	116537	53	2350	87	132	17	30	8	38	8	30	22	23	1	2	0	1	7	17	5	9	0
*	3p	+	51	26783	20745	17749	34447	99724	36	1922	85	99	18	14	8	34	11	25	25	30	1	3	1	2	9	8	4	9	0
*	3p	+	52	22812	17739	14981	29863	85395	29	1651	88	98	11	28	9	19	12	7	19	28	1	4	2	1	10	7	5	2	0
*	3p	+	53	19416	15214	13105	25338	73073	39	1376	73	74	13	22	5	19	8	9	14	18	1	5	2	1	6	3	0	1	0
*	3p	+	54	16919	12800	11202	21759	62680	31	1160	59	53	9	17	3	14	3	9	10	11	1	3	2	1	3	4	2	3	0
*	3p	+	55	14439	11004	9633	18635	53711	21	1048	45	55	13	13	6	15	9	7	12	14	1	4	1	0	6	3	4	3	0
*	3p	+	56	12486	9295	8122	16117	46020	17	806	39	37	10	11	3	12	4	3	10	11	4	2	1	2	4	3	1	3	0
*	3p	+	57	10713	8071	7041	13747	39572	17	697	21	48	12	6	4	9	6	6	7	15	2	0	2	0	1	4	2	1	0
*	3p	+	58	9325	6912	6029	11901	34167	17	592	30	25	8	12	3	5	4	9	6	8	2	2	1	2	2	3	2	0	0
*	3p	+	59	7866	5973	5215	10382	29436	7	533	24	29	2	6	3	11	2	3	4	9	0	3	5	0	4	4	2	1	0
*	3p	+	60	6806	5265	4454	8929	25454	15	448	27	21	5	4	2	4	0	5	8	5	0	2	0	1	1	0	0	1	0
*	3p	+	61	6014	4494	3755	7704	21967	15	396	18	26	5	2	0	4	4	4	8	6	1	0	1	0	1	3	0	1	0
*	3p	+	62	5163	3902	3283	6585	18933	6	333	20	19	5	1	2	5	0	3	3	8	0	3	0	0	0	3	0	0	0
*	3p	+	63	4545	3357	2859	5679	16440	8	289	12	14	3	5	2	4	0	2	1	5	0	1	0	0	1	0	0	1	0
*	3p	+	64	3808	2935	2513	4956	14212	7	251	14	9	0	6	0	6	3	5	1	1	1	1	0	0	2	0	0	0	0
*	3p	+	65	3370	2432	2154	4302	12258	5	205	11	13	2	2	0	2	2	1	1	4	0	1	0	0	0	0	1	0	0
*	3p	+	66	3003	2144	1826	3582	10555	7	146	7	12	0	3	0	4	1	1	3	3	1	2	0	0	1	0	0	0	0
*	3p	+	67	2477	1843	1602	3178	9100	4	159	10	5	2	4	0	2	0	2	2	2	0	0	0	1	0	0	0	1	0
*	3p	+	68	2090	1602	1317	2853	7862	5	136	4	9	3	2	1	0	0	2	4	1	2	0	0	0	0	1	0	0	0
*	3p	+	69	1823	1409	1167	2359	6758	4	104	6	9	2	1	1	1	1	1	0	0	2	0	0	0	0	0	0	0	0
*	3p	+	70	1579	1226	993	2080	5878	3	103	5	5	0	2	1	1	0	0	2	1	0	0	0	0	0	0	0	0	0
*	3p	-	1	743705	441717	532366	416613	2134401	108956	1020	2838	1783	501	608	1239	1441	964	1115	439	1667	0	0	0	0	0	0	0	0	6
*	3p	-	2	723493	421679	455297	538533	2139002	55928	866	2436	2005	334	537	764	782	665	808	273	1251	0	1	0	0	71	60	27	24	6
*	3p	-	3	729549	401347	463116	549687	2143699	39710	760	2223	2087	271	454	474	554	410	573	217	643	10	8	2	9	149	95	54	56	1
*	3p	-	4	713034	390197	465749	577292	2146272	30606	700	2061	2075	234	409	185	410	243	418	175	281	31	21	10	6	203	173	106	97	0
*	3p	-	5	708576	401326	454656	582860	2147418	22945	713	2080	1885	239	373	191	436	211	389	168	287	79	73	30	35	317	251	158	163	0
*	3p	-	6	700312	408686	442587	596376	2147961	17572	733	2091	1963	245	374	197	433	264	368	170	307	133	85	53	63	435	332	306	296	0
*	3p	-	7	694688	408593	444689	600640	2148610	13936	893	2085	1867	213	359	204	387	234	359	154	296	175	151	93	91	398	366	306	308	0
*	3p	-	8	687195	411905	448036	602064	2149200	11270	1197	2067	1882	226	407	193	354	208	315	159	344	206	168	110	107	330	345	309	326	0
*	3p	-	9	683954	415800	441576	608340	2149670	8804	1373	2051	1885	182	329	215	375	241	352	137	310	217	189	102	133	319	301	214	290	0
*	3p	-	10	669420	420793	446307	613343	2149863	7394	1425	2006	1842	203	349	189	356	252	340	146	279	219	203	110	121	311	286	271	265	0
*	3p	-	11	662172	424409	445835	617616	2150032	6144	1538	2039	1868	214	316	151	339	214	336	136	303	235	205	101	104	287	300	241	244	0
*	3p	-	12	655972	428411	443767	621982	2150132	5225	1530	2011	1896	192	345	199	339	197	309	147	295	206	167	110	118	293	278	217	235	0
*	3p	-	13	656442	427148	447183	619417	2150190	4544	1584	2024	1854	204	341	177	331	198	344	156	311	203	199	125	110	309	259	218	213	0
*	3p	-	14	653111	429718	446139	621204	2150172	4160	1626	1948	1919	233	320	182	337	209	333	169	285	197	204	111	112	275	302	225	245	0
*	3p	-	15	651464	432750	444224	621765	2150203	3573	1676	1947	1895	212	322	166	353	248	352	175	340	207	211	88	118	286	284	233	219	0
*	3p	-	16	647562	434497	443929	624193	2150181	3302	1679	2016	1839	198	345	166	287	212	342	168	339	182	198	112	94	292	287	241	233	0
*	3p	-	17	642954	437945	443340	625964	2150203	3041	1694	2018	1936	220	376	166	319	214	337	171	314	168	184	116	118	281	280	238	228	0
*	3p	-	18	639113	441861	439207	630056	2150237	2832	1970	1989	1962	225	372	172	310	191	336	190	288	180	186	120	107	244	301	220	225	0
*	3p	-	19	637506	441428	439713	631571	2150218	2676	2070	1923	1881	223	358	188	300	187	337	162	320	180	162	110	116	274	274	218	232	0
*	3p	-	20	635223	440602	437948	636405	2150178	2504	2166	1938	1899	214	361	192	303	220	354	168	317	155	157	101	114	267	298	233	208	0
*	3p	-	21	634578	439531	436147	639850	2150106	2373	2663	2020	1957	223	327	173	278	200	314	147	326	184	162	112	91	250	266	268	241	0
*	3p	-	22	634941	440381	433592	641070	2149984	2259	3243	2000	1897	186	345	172	361	224	334	173	361	183	154	136	121	281	308	250	244	0
*	3p	-	23	633797	439924	430867	645306	2149894	2098	3941	2026	1806	244	342	187	321	199	350	167	338	176	160	110	119	281	301	268	249	0
*	3p	-	24	631306	441165	426928	650241	2149640	1966	4776	1978	1851	214	380	166	299	187	357	170	333	165	178	118	115	300	350	287	283	0
*	3p	-	25	629383	440202	425657	654129	2149371	1807	6211	2076	1941	212	370	191	317	246	354	174	364	192	182	122	101	316	370	337	305	0
*	3p	-	26	626371	442448	422792	657398	2149009	1704	8075	2015	1891	243	357	164	298	235	345	196	358	155	168	131	131	329	356	378	332	0
*	3p	-	27	620796	446592	419537	661863	2148788	1531	10337	1970	1944	249	399	188	321	262	352	207	380	167	185	116	114	291	286	237	269	0
*	3p	-	28	612624	449536	416051	669976	2148187	1408	13639	2042	1929	256	415	168	344	270	350	259	421	112	116	103	85	200	218	198	199	0
*	3p	-	29	604851	450543	416739	674988	2147121	1329	18539	2112	2039	338	481	212	456	267	366	300	428	75	100	84	74	168	184	132	139	0
*	3p	-	30	585312	458139	421316	680840	2145607	1348	28551	1979	2097	454	509	199	608	269	393	426	602	76	61	53	44	118	141	104	101	0
*	3p	-	31	523559	407872	374366	615193	1920990	1110	26651	1752	1828	373	452	175	535	231	338	346	513	59	50	45	46	106	105	76	67	0
*	3p	-	32	462720	361814	329918	550239	1704691	982	25280	1644	1573	296	371	175	451	172	287	320	422	41	48	28	38	81	77	62	71	0
*	3p	-	33	405941	318089	287647	491085	1502762	855	23423	1433	1377	235	307	133	421	149	223	264	406	22	46	44	26	55	52	56	49	0
*	3p	-	34	355981	277698	248825	434585	1317089	628	21311	1249	1218	205	316	98	319	133	179	243	333	33	37	30	19	59	64	44	31	0
*	3p	-	35	308506	242945	215639	381807	1148897	554	19103	1068	1124	193	247	100	301	100	176	217	274	25	30	23	14	61	54	35	29	0
*	3p	-	36	267903	210348	186219	334154	998624	475	17315	950	980	145	169	81	269	93	143	197	263	17	22	16	16	37	65	35	33	0
*	3p	-	37	231119	182632	160530	290245	864526	438	15235	813	824	140	176	74	255	72	125	173	241	25	19	14	10	27	65	34	35	0
*	3p	-	38	198661	157484	137967	252433	746545	370	13340	697	676	120	155	66	194	63	90	145	187	20	19	15	11	39	41	48	36	0
*	3p	-	39	170923	135245	118220	219143	643531	277	11698	605	617	111	120	52	163	55	84	133	176	11	20	17	8	43	42	36	26	0
*	3p	-	40	147321	117078	101688	188351	554438	260	10620	501	559	95	112	43	138	45	94	96	147	13	9	13	4	31	30	28	28	0
*	3p	-	41	127189	100090	87736	162290	477305	215	9307	434	452	92	127	40	120	45	100	93	124	8	6	15	10	29	33	21	23	0
*	3p	-	42	109309	86401	75091	140576	411377	191	8472	411	418	74	89	43	116	54	77	95	108	15	4	14	3	21	21	23	15	0
*	3p	-	43	93536	73782	64133	120253	351704	183	7315	346	359	58	74	28	103	44	48	78	111	10	6	10	2	13	20	13	20	0
*	3p	-	44	80197	63482	54406	102631	300716	136	6229	282	292	56	71	22	96	30	49	53	90	7	6	6	2	19	16	11	9	0
*	3p	-	45	67968	54056	46501	88229	256754	122	5278	221	249	44	56	22	70	27	31	61	62	5	5	7	9	13	21	19	7	0
*	3p	-	46	58527	45742	39776	75219	219264	105	4547	224	207	40	54	24	77	21	43	47	69	2	5	5	3	9	13	10	6	0
*	3p	-	47	49937	39025	33664	64740	187366	96	3710	194	176	38	40	11	35	22	33	38	45	8	4	1	3	11	8	7	8	0
*	3p	-	48	42459	33241	28774	55378	159852	74	3129	163	150	27	45	15	45	17	36	39	49	1	4	5	2	5	8	6	5	0
*	3p	-	49	36390	28609	24244	47404	136647	62	2745	123	123	29	31	9	39	14	28	34	36	3	1	2	1	5	9	7	5	0
*	3p	-	50	31248	24332	20895	40353	116828	47	2331	111	118	25	27	11	35	16	16	19	36	0	2	1	1	4	6	6	5	0
*	3p	-	51	26801	20744	17777	34525	99847	36	1954	100	89	14	26	4	25	12	23	22	27	3	2	0	3	7	4	5	2	0
*	3p	-	52	22971	17644	15251	29625	85491	33	1587	79	81	18	21	2	19	8	10	18	29	1	1	5	3	6	4	9	2	0
*	3p	-	53	19716	15146	12871	25455	73188	34	1356	59	71	15	12	7	24	1	14	10	21	1	1	2	0	6	4	2	2	0
*	3p	-	54	16997	12872	11021	21751	62641	30	1078	54	61	4	15	7	11	5	11	9	18	3	1	1	0	1	1	3	0	0
*	3p	-	55	14400	11112	9582	18635	53729	29	1031	46	58	7	10	5	13	6	12	19	10	3	0	1	2	6	3	2	0	0
*	3p	-	56	12376	9574	8260	15991	46201	22	904	51	38	4	6	4	15	6	5	9	17	0	0	0	1	2	0	4	3	0
*	3p	-	57	10703	8108	7013	13878	39702	14	736	33	35	7	10	5	9	3	7	9	13	0	1	1	0	0	2	0	0	0
*	3p	-	58	9277	6965	6090	11747	34079	9	605	28	25	10	10	5	3	4	4	9	15	1	0	1	1	0	1	0	1	0
*	3p	-	59	8031	5992	5081	10213	29317	10	493	27	32	7	9	0	6	4	5	9	6	1	1	0	0	0	1	0	0	0
*	3p	-	60	6957	5183	4502	8691	25333	7	467	28	28	5	4	3	5	4	4	2	7	1	0	0	0	0	0	0	1	0
*	3p	-	61	5905	4533	3864	7522	21824	15	386	29	28	4	3	4	5	1	9	4	5	0	0	0	0	0	2	0	1	0
*	3p	-	62	5177	3854	3309	6513	18853	6	324	15	12	3	7	2	6	3	6	3	6	0	0	0	0	0	0	0	1	0
*	3p	-	63	4346	3281	2977	5738	16342	10	279	13	17	5	4	1	7	2	4	6	6	0	0	0	0	0	1	1	0	0
*	3p	-	64	3846	2841	2416	5054	14157	4	252	12	13	3	4	0	0	2	4	0	6	2	1	0	1	0	1	0	0	0
*	3p	-	65	3425	2559	2113	4187	12284	8	254	11	10	4	3	1	3	0	2	0	0	0	0	0	0	0	1	0	0	0
*	3p	-	66	2910	2162	1830	3738	10640	4	162	11	16	2	6	3	2	1	2	1	0	0	0	0	0	0	1	0	0	0
*	3p	-	67	2548	1845	1547	3233	9173	6	158	9	10	1	2	1	1	0	1	3	1	0	0	0	0	0	0	0	1	0
*	3p	-	68	2144	1677	1387	2771	7979	2	141	0	6	0	2	1	0	1	0	1	1	0	0	0	0	0	0	0	0	0
*	3p	-	69	1864	1407	1205	2416	6892	2	125	9	6	0	1	0	0	0	0	1	1	0	0	0	0	0	0	0	1	0
*	3p	-	70	1674	1186	1082	2052	5994	1	83	9	9	0	1	0	1	0	0	2	2	0	1	0	0	0	0	0	0	0
*	5p	+	1	410883	535300	445008	740929	2132120	851	109222	1766	2777	1042	1145	416	1677	494	593	1398	1488	0	0	0	0	0	0	0	0	16
*	5p	+	2	546839	455447	422212	712173	2136671	829	55840	2119	2273	803	838	287	1298	370	489	873	820	0	0	0	0	132	123	58	62	15
*	5p	+	3	553916	461827	406210	719204	2141157	749	38972	2103	2146	375	589	195	646	277	441	544	520	14	33	24	17	218	249	138	130	3
*	5p	+	4	584394	463469	398846	696927	2143636	725	29460	2172	2059	245	411	192	294	216	363	208	412	45	55	41	47	394	421	274	261	0
*	5p	+	5	589098	453558	407359	694466	2144481	716	22385	2034	1923	221	393	169	325	246	363	214	464	131	164	113	100	597	623	504	523	0
*	5p	+	6	603829	441809	410903	689594	2146135	776	17202	2122	1899	226	357	151	345	228	360	200	425	164	175	124	127	491	534	532	451	0
*	5p	+	7	605833	445615	410108	685889	2147445	947	13759	1988	1906	238	410	160	320	206	370	212	401	176	213	146	112	356	454	376	364	0
*	5p	+	8	609351	447575	412701	678725	2148352	1212	10837	2048	1950	227	391	190	336	222	341	202	392	185	194	109	96	339	360	320	287	0
*	5p	+	9	615140	442233	417920	673597	2148890	1377	8751	2010	1953	239	371	166	284	215	366	191	330	183	199	138	115	299	335	298	282	0
*	5p	+	10	618476	447409	421582	661729	2149196	1487	7256	2047	1828	236	351	166	307	206	325	203	359	211	182	113	127	350	319	254	250	0
*	5p	+	11	623498	446287	424006	655576	2149367	1554	6135	1992	1943	202	340	160	314	241	348	182	309	234	222	139	98	324	305	251	255	0
*	5p	+	12	626549	444710	430027	648207	2149493	1585	5270	2020	1923	207	336	172	299	203	326	180	349	223	208	122	105	295	339	221	227	0
*	5p	+	13	624520	447099	429157	648783	2149559	1570	4366	2046	1895	195	341	180	317	228	305	192	320	201	210	116	89	271	315	241	231	0
*	5p	+	14	626922	446956	429790	645978	2149646	1608	3942	1921	1858	230	349	149	299	222	324	174	303	234	203	120	103	278	297	208	212	0
*	5p	+	15	627770	444116	432254	645483	2149623	1620	3504	2002	1925	228	324	179	312	226	359	163	354	211	207	108	108	291	273	228	250	0
*	5p	+	16	627987	444338	435052	642200	2149577	1688	3227	1980	1822	215	325	185	323	221	329	185	334	215	180	109	106	330	290	227	237	0
*	5p	+	17	630300	444341	437327	637733	2149701	1761	2990	1980	1858	208	351	179	337	207	356	173	317	201	198	121	111	243	259	248	212	0
*	5p	+	18	635376	440559	439877	633877	2149689	1864	2771	2061	1847	187	387	182	319	206	326	175	352	181	202	97	104	261	280	207	220	0
*	5p	+	19	638420	438766	440238	632218	2149642	2119	2476	1997	1780	209	403	154	302	226	332	155	321	187	167	111	117	286	288	220	211	0
*	5p	+	20	641071	437501	441211	629811	2149594	2414	2394	2087	1953	219	342	168	272	212	326	179	332	169	187	114	107	290	266	260	218	0
*	5p	+	21	645761	435391	439264	629153	2149569	2644	2264	1973	1930	201	395	153	308	217	336	146	299	154	153	105	96	285	270	226	247	0
*	5p	+	22	647152	432784	439541	630010	2149487	3376	2100	1984	1828	195	335	163	292	209	324	157	314	150	159	130	121	272	288	252	261	0
*	5p	+	23	653198	430234	439154	626817	2149403	4037	2064	2018	1902	220	363	182	325	190	333	169	315	185	154	111	127	320	258	243	277	0
*	5p	+	24	657417	427682	439743	624480	2149322	5178	1904	2014	1872	220	314	185	353	200	349	179	333	185	145	121	116	315	256	257	266	0
*	5p	+	25	660407	424799	439645	624378	2149229	6289	1728	2095	1884	206	361	187	339	218	382	172	336	191	151	119	118	283	281	228	243	0
*	5p	+	26	664939	421159	442463	620701	2149262	8057	1606	2026	1979	258	396	210	397	216	377	166	289	118	131	90	98	197	179	177	185	0
*	5p	+	27	672005	416511	446561	613986	2149063	10563	1523	2007	1937	224	371	210	372	253	381	165	338	94	101	59	80	157	140	113	126	0
*	5p	+	28	677352	413285	450990	606887	2148514	13956	1460	2065	1956	235	419	259	389	246	376	181	406	73	57	53	66	117	106	80	95	0
*	5p	+	29	684018	414937	450022	598519	2147496	18436	1307	2078	1926	233	386	287	439	286	442	187	431	62	63	40	57	102	101	68	67	0
*	5p	+	30	689191	419210	457475	580183	2146059	28747	1257	2105	1919	276	425	398	595	413	527	222	569	52	45	30	46	79	56	42	39	0
*	5p	+	31	623297	371097	408145	518430	1920969	27144	1096	2033	1688	220	381	336	521	339	428	176	524	44	37	32	40	62	47	43	33	0
*	5p	+	32	557646	326617	361714	459165	1705142	25573	907	1726	1466	183	316	313	392	303	398	160	411	46	31	20	27	64	63	22	38	0
*	5p	+	33	497030	285447	317234	403509	1503220	23452	793	1476	1322	177	237	248	375	248	311	126	382	31	23	20	22	46	32	20	20	0
*	5p	+	34	439490	247602	276604	353559	1317255	21341	652	1349	1071	145	210	219	324	204	265	93	354	32	26	14	16	41	34	25	21	0
*	5p	+	35	385603	213906	242220	306837	1148566	19268	595	1129	982	105	188	184	274	174	247	89	288	29	26	14	19	35	39	18	17	0
*	5p	+	36	336811	184935	210846	265674	998266	17158	438	982	865	103	145	182	228	165	232	74	235	20	17	13	14	37	25	21	27	0
*	5p	+	37	293705	159852	182525	228479	864561	15317	415	872	734	88	120	137	193	113	167	68	223	17	13	14	12	25	28	13	17	0
*	5p	+	38	255163	136525	157682	197354	746724	13449	342	686	648	79	102	130	166	98	140	46	186	11	9	4	14	35	29	15	13	0
*	5p	+	39	220588	117429	135982	169447	643446	12024	294	651	569	64	93	102	150	86	117	44	175	11	15	5	14	27	24	11	16	0
*	5p	+	40	190550	100545	116766	146489	554350	10653	258	571	474	44	81	104	146	88	116	51	150	9	9	5	4	18	16	7	18	0
*	5p	+	41	163610	86505	100690	125929	476734	9468	230	492	414	60	59	83	118	83	86	47	124	6	6	7	5	27	17	12	7	0
*	5p	+	42	142192	74454	85927	107805	410378	8456	203	414	322	32	63	82	105	75	84	29	134	6	6	6	4	16	9	6	7	0
*	5p	+	43	121033	63560	73798	92742	351133	7219	150	351	329	28	51	66	107	57	90	22	102	8	3	2	3	11	12	6	10	0
*	5p	+	44	104149	53882	63136	78583	299750	6289	146	311	228	24	49	65	81	54	74	31	92	5	8	4	1	7	11	8	2	0
*	5p	+	45	89261	45827	53737	67468	256293	5198	112	275	233	30	39	50	74	33	56	31	63	7	7	4	2	4	2	5	3	0
*	5p	+	46	76800	38690	45737	57829	219056	4492	102	236	191	16	29	36	45	33	47	26	59	9	5	3	5	7	7	1	1	0
*	5p	+	47	65986	33146	38954	49319	187405	3885	85	205	147	14	35	28	40	37	47	14	49	2	2	3	2	6	5	4	4	0
*	5p	+	48	56031	28149	33649	42145	159974	3351	70	137	146	18	24	31	39	28	39	13	37	2	2	2	1	11	5	1	5	0
*	5p	+	49	47598	24227	28775	36053	136653	2796	75	180	119	13	19	25	41	16	26	13	45	2	6	1	1	2	6	4	2	0
*	5p	+	50	41001	20474	24320	30856	116651	2231	51	123	93	16	18	14	32	20	21	5	30	3	0	0	1	4	4	3	2	0
*	5p	+	51	35292	17661	20605	26264	99822	1862	48	123	85	16	16	29	26	12	20	7	24	2	0	1	0	3	3	2	0	0
*	5p	+	52	30041	14898	17886	22636	85461	1561	43	87	76	6	18	15	27	12	23	6	17	2	0	1	2	6	5	0	2	0
*	5p	+	53	25721	12817	15096	19468	73102	1403	37	84	73	11	10	21	19	9	20	6	24	3	2	0	0	5	3	0	0	0
*	5p	+	54	21978	11114	13005	16605	62702	1183	26	70	36	5	11	9	21	7	10	7	21	3	1	1	1	2	1	0	1	0
*	5p	+	55	18971	9413	11073	14275	53732	1032	14	56	46	6	9	10	15	10	10	2	19	2	3	1	0	1	0	0	0	0
*	5p	+	56	16355	7989	9543	12156	46043	866	30	60	55	1	6	8	12	4	8	5	15	0	2	0	0	3	1	0	1	0
*	5p	+	57	13906	6916	8262	10533	39617	746	17	48	26	2	6	6	3	1	10	2	9	0	1	1	0	0	3	2	0	0
*	5p	+	58	12071	5933	6963	9232	34199	589	10	41	30	1	6	7	9	7	10	2	5	0	0	0	0	0	0	0	1	0
*	5p	+	59	10432	5175	6056	7803	29466	532	10	20	25	2	4	5	5	8	2	5	10	1	1	1	0	0	2	0	1	0
*	5p	+	60	8890	4411	5302	6873	25476	475	8	32	17	0	4	4	10	2	4	5	8	0	1	0	0	1	1	0	0	0
*	5p	+	61	7865	3828	4559	5732	21984	402	8	13	20	1	4	3	4	2	6	2	6	1	0	0	0	1	0	1	2	0
*	5p	+	62	6680	3315	3893	5035	18923	332	5	20	14	0	1	5	6	2	3	2	4	0	2	1	0	3	1	1	0	0
*	5p	+	63	5769	2778	3412	4467	16426	300	8	17	14	2	2	3	3	3	5	1	7	2	1	0	1	1	0	1	1	0
*	5p	+	64	5067	2384	2878	3880	14209	270	2	8	13	2	4	6	2	5	4	1	1	0	1	0	2	2	0	0	1	0
*	5p	+	65	4379	2085	2484	3306	12254	223	5	13	13	1	1	4	2	4	8	3	2	1	0	0	0	2	0	1	2	0
*	5p	+	66	3657	1829	2186	2884	10556	210	5	9	13	0	1	2	4	1	2	1	2	1	0	0	0	2	0	0	0	0
*	5p	+	67	3251	1569	1834	2440	9094	165	5	8	9	1	0	0	3	0	3	0	0	0	0	1	0	1	0	0	0	0
*	5p	+	68	2784	1361	1562	2148	7855	152	3	10	9	1	0	1	2	1	5	0	0	0	0	0	0	0	0	0	0	0
*	5p	+	69	2408	1167	1399	1783	6757	117	1	4	3	0	0	0	0	1	1	1	3	0	0	0	0	0	0	0	0	0
*	5p	+	70	2103	963	1171	1629	5866	103	2	5	9	1	1	0	1	1	4	0	0	0	0	0	0	0	0	0	0	0
*	5p	-	1	411199	536690	445071	739820	2132780	939	110127	1771	2757	1032	1096	441	1613	465	575	1288	1534	0	0	0	0	0	0	0	0	4
*	5p	-	2	548158	457257	420671	711370	2137456	839	56172	2092	2213	784	878	290	1298	379	463	846	821	0	0	0	0	0	3	0	1	4
*	5p	-	3	555077	462665	406320	718062	2142124	707	38978	2218	2080	418	533	211	645	273	423	547	551	0	0	0	0	9	7	10	9	4
*	5p	-	4	586223	464770	396254	697929	2145176	728	29655	2198	2061	283	482	201	300	269	425	236	465	3	1	1	3	45	63	62	32	0
*	5p	-	5	590032	454555	406963	694046	2145596	652	22894	2138	2042	246	370	179	303	245	393	237	459	107	99	86	115	529	532	534	525	0
*	5p	-	6	605466	441029	409602	690725	2146822	827	17328	2069	1940	234	431	168	322	263	384	163	444	112	108	140	99	504	532	575	519	0
*	5p	-	7	606620	444829	410646	685834	2147929	985	13668	2086	1958	256	352	165	341	229	383	212	400	128	102	123	99	452	500	420	423	0
*	5p	-	8	610441	449106	412651	676723	2148921	1222	10912	1990	1870	255	380	171	338	209	357	177	336	124	128	116	119	352	351	339	324	0
*	5p	-	9	616692	442555	416515	673741	2149503	1380	8605	2085	1865	220	392	182	317	208	332	221	382	118	151	105	98	307	305	298	270	0
*	5p	-	10	620092	446625	422017	661143	2149877	1530	7280	2074	2066	217	371	187	279	207	323	170	368	135	116	108	116	255	269	259	261	0
*	5p	-	11	625545	444666	424691	655179	2150081	1595	5926	1981	1979	218	340	157	291	192	343	197	380	151	130	132	102	251	267	257	206	0
*	5p	-	12	626727	445527	430060	647808	2150122	1612	5045	2011	1887	211	327	170	297	209	330	185	349	130	125	112	91	238	309	217	253	0
*	5p	-	13	625996	448107	427783	648366	2150252	1624	4424	2007	1926	224	344	167	308	186	321	154	317	137	142	112	123	228	264	232	219	0
*	5p	-	14	629237	445741	429804	645484	2150266	1635	3910	1986	1932	232	337	149	312	200	326	175	343	138	176	107	110	238	263	217	232	0
*	5p	-	15	629000	445170	432109	643997	2150276	1657	3560	2000	1871	247	345	156	316	183	321	162	338	134	138	109	90	255	246	240	208	0
*	5p	-	16	631514	444300	434975	639432	2150221	1646	3267	1959	1924	218	319	162	309	231	346	189	317	169	151	109	104	247	270	254	235	0
*	5p	-	17	633671	442966	437378	636164	2150179	1835	2945	2001	1855	209	380	194	325	216	341	149	342	184	164	120	120	274	285	251	241	0
*	5p	-	18	639058	440900	440774	629466	2150198	1911	2776	2042	1867	232	332	180	300	199	341	186	313	178	166	126	89	283	282	248	219	0
*	5p	-	19	640002	439297	440677	630272	2150248	2069	2576	2019	1892	204	342	165	303	207	347	169	301	181	213	125	89	261	279	204	214	0
*	5p	-	20	645093	437272	440118	627700	2150183	2304	2439	2001	1845	215	368	174	304	237	291	133	329	187	182	122	94	281	269	219	236	0
*	5p	-	21	645755	435212	440445	628714	2150126	2858	2311	2047	1846	204	319	169	291	210	296	154	333	191	189	103	108	302	258	244	236	0
*	5p	-	22	649518	433821	438905	627758	2150002	3102	2178	1940	1812	214	352	176	338	212	344	156	305	188	185	115	130	279	336	248	253	0
*	5p	-	23	654698	430418	438936	625855	2149907	4052	2050	1982	1860	202	371	162	340	190	303	157	308	234	210	125	130	310	304	255	268	0
*	5p	-	24	659037	426334	440656	623707	2149734	4997	1933	1996	1885	206	336	185	362	212	347	149	298	234	223	116	124	316	377	271	245	0
*	5p	-	25	661877	424682	439853	623207	2149619	6395	1789	1952	1893	198	329	162	316	237	343	156	335	211	196	108	118	329	313	226	290	0
*	5p	-	26	667328	421320	442469	618421	2149538	8101	1645	2143	1933	247	343	185	336	235	362	166	318	209	202	99	93	289	276	191	210	0
*	5p	-	27	671359	417154	447531	613276	2149320	10626	1507	2068	1891	242	378	213	362	219	421	178	322	177	147	77	96	245	211	156	152	0
*	5p	-	28	680113	415134	448735	604830	2148812	13898	1380	2022	1875	201	407	219	444	238	358	175	309	165	132	74	82	212	201	144	144	0
*	5p	-	29	686081	414825	450625	596259	2147790	18724	1245	2132	1990	269	396	313	487	286	445	178	422	149	119	64	57	221	159	98	115	0
*	5p	-	30	690885	419260	457922	578330	2146397	28288	1296	2236	1958	306	423	371	581	349	556	218	561	97	108	51	43	165	130	67	77	0
*	5p	-	31	624023	372350	408184	517051	1921608	27110	1087	1987	1732	236	357	349	456	352	438	199	496	93	92	52	44	138	119	62	49	0
*	5p	-	32	559993	326700	360310	458287	1705290	25360	978	1763	1529	198	276	322	428	276	406	167	487	97	75	24	33	98	95	35	45	0
*	5p	-	33	497739	286139	317384	401943	1503205	23352	842	1443	1306	133	230	276	369	251	311	111	404	61	53	20	31	84	65	30	36	0
*	5p	-	34	439094	247933	277335	353162	1317524	21276	667	1266	1130	129	220	243	316	213	271	102	327	54	46	18	18	79	64	25	36	0
*	5p	-	35	386100	214398	242413	306480	1149391	19283	547	1125	990	105	158	223	290	197	238	96	334	52	43	21	16	45	56	17	29	0
*	5p	-	36	337764	185500	211102	264618	998984	17530	492	879	814	78	167	179	233	148	183	83	257	45	46	13	15	54	46	20	18	0
*	5p	-	37	293655	160224	182338	228636	864853	15458	405	825	760	82	129	149	193	151	172	81	260	41	38	22	16	49	41	23	18	0
*	5p	-	38	255288	136807	158070	196796	746961	13463	355	744	630	67	118	128	203	110	144	45	167	24	20	10	13	48	40	13	19	0
*	5p	-	39	221444	118313	135187	168916	643860	12068	288	664	572	72	122	102	178	105	104	53	183	19	32	9	14	32	23	22	14	0
*	5p	-	40	190907	101212	116960	145683	554762	10492	240	560	453	50	79	109	124	84	134	39	143	21	17	2	8	33	24	13	14	0
*	5p	-	41	165187	86802	100068	125550	477607	9371	213	475	447	40	66	68	121	72	103	38	132	16	17	5	6	32	31	12	11	0
*	5p	-	42	142571	74381	86691	108083	411726	8423	198	419	336	40	69	71	104	69	109	39	124	10	21	2	6	30	15	12	10	0
*	5p	-	43	122257	63267	73830	92632	351986	7226	164	366	313	27	83	79	98	53	81	33	104	13	16	3	5	18	29	8	7	0
*	5p	-	44	104155	54580	63133	79017	300885	6168	148	319	256	25	41	65	73	40	62	32	95	13	2	4	8	19	23	16	7	0
*	5p	-	45	89896	45842	53650	67519	256907	5241	131	257	239	21	31	51	58	44	53	20	63	11	7	1	3	22	13	10	11	0
*	5p	-	46	76552	38965	46071	57748	219336	4462	80	229	201	21	43	30	52	32	48	19	56	8	11	4	5	16	10	5	8	0
*	5p	-	47	65533	33359	39311	49245	187448	3814	94	197	156	17	23	29	34	32	36	12	60	10	9	2	3	17	13	5	6	0
*	5p	-	48	56115	28207	33660	41951	159933	3293	62	147	131	19	28	24	55	28	28	13	51	9	6	1	3	11	7	6	5	0
*	5p	-	49	47969	24145	28611	35996	136721	2722	65	156	120	13	25	23	38	24	34	9	37	6	4	0	3	8	9	3	6	0
*	5p	-	50	40919	20676	24560	30723	116878	2350	48	109	107	14	19	27	24	14	25	12	28	6	3	3	2	12	6	3	3	0
*	5p	-	51	35053	17498	21002	26347	99900	1891	61	111	91	9	16	19	23	15	26	7	26	6	3	2	3	6	4	2	0	0
*	5p	-	52	30063	15126	17988	22332	85509	1728	36	77	63	11	20	12	24	16	11	7	28	2	1	0	3	9	6	1	2	0
*	5p	-	53	25844	13000	15116	19254	73214	1384	37	75	57	9	12	17	17	18	11	2	15	4	3	0	2	7	3	1	4	0
*	5p	-	54	22351	10839	12836	16642	62668	1205	25	65	57	5	15	9	16	5	12	6	18	1	3	1	0	1	4	2	3	0
*	5p	-	55	19143	9179	11043	14371	53736	989	18	60	45	6	4	8	9	10	15	1	7	3	4	2	0	3	4	2	1	0
*	5p	-	56	16212	8040	9606	12335	46193	862	16	38	34	10	8	11	10	5	7	2	11	2	3	2	0	2	2	1	2	0
*	5p	-	57	13976	7007	8130	10608	39721	697	24	38	25	6	8	5	5	6	5	1	10	4	1	0	0	3	1	2	0	0
*	5p	-	58	12045	5874	6992	9176	34087	626	11	41	36	7	5	11	7	5	7	6	13	0	1	2	1	2	1	2	2	0
*	5p	-	59	10375	4945	5973	8027	29320	540	12	28	18	2	6	5	10	4	3	4	8	2	0	0	1	4	4	1	0	0
*	5p	-	60	8876	4379	5412	6666	25333	453	11	31	25	0	3	7	8	8	9	2	2	0	1	0	1	3	1	1	1	0
*	5p	-	61	7675	3756	4526	5867	21824	390	8	24	21	1	2	8	3	4	6	3	2	1	0	0	1	3	0	1	1	0
*	5p	-	62	6654	3306	3893	4996	18849	363	6	25	10	2	4	5	3	3	3	2	4	0	0	0	1	0	0	1	0	0
*	5p	-	63	5773	2916	3332	4325	16346	277	9	15	13	2	4	6	2	2	2	0	3	1	1	0	0	1	0	1	2	0
*	5p	-	64	5063	2415	2876	3800	14154	242	7	12	10	6	3	2	3	1	5	1	3	0	0	0	0	2	0	1	2	0
*	5p	-	65	4324	2081	2518	3340	12263	219	3	13	2	2	1	0	2	0	3	0	2	0	0	0	0	1	2	1	0	0
*	5p	-	66	3685	1831	2206	2907	10629	205	10	5	12	1	1	2	2	3	0	0	1	1	0	0	0	0	2	1	1	0
*	5p	-	67	3264	1527	1869	2505	9165	154	8	9	7	2	2	3	4	1	3	0	2	0	1	0	0	1	2	1	0	0
*	5p	-	68	2848	1350	1631	2150	7979	152	0	5	9	3	2	0	3	2	3	0	3	0	0	0	0	0	0	0	0	0
*	5p	-	69	2450	1140	1447	1859	6896	132	1	4	7	0	2	1	0	1	2	2	4	1	0	2	0	0	0	0	0	0
*	5p	-	70	2145	954	1217	1687	6003	97	1	5	7	1	1	0	3	1	0	3	1	0	0	0	1	0	0	0	1	0
