# table produced by mapDamage version 2.0.3
# using mapped file tmp1.sam and ../BmelReference/GCF_000007125.1_ASM712v1_genomic.fna as reference file
# Chr: reference from sam/bam header, End: from which termini of DNA sequences, Std: strand of reads
Chr	End	Std	Pos	A	C	G	T	Total	G>A	C>T	A>G	T>C	A>C	A>T	C>G	C>A	T>G	T>A	G>C	G>T	A>-	T>-	C>-	G>-	->A	->T	->C	->G	S
*	3p	+	1	241970	191852	339699	131375	904896	22941	368	1023	562	136	160	489	496	284	218	257	294	0	0	0	0	0	0	0	0	0
*	3p	+	2	211214	259125	289792	144762	904893	16443	406	815	631	111	121	366	351	203	184	163	237	1	0	0	1	0	0	0	0	0
*	3p	+	3	212144	261785	263534	167429	904892	9615	374	802	752	95	103	202	258	103	123	97	153	1	0	0	1	1	0	0	0	0
*	3p	+	4	225507	240273	271652	167450	904882	8118	297	736	656	80	96	78	303	57	87	80	110	0	0	1	0	4	1	6	2	0
*	3p	+	5	207994	253540	275561	167779	904874	6936	372	694	649	58	76	84	319	49	78	71	110	3	1	3	1	6	4	4	8	0
*	3p	+	6	209273	252499	262882	180167	904821	5681	424	672	631	73	73	86	243	80	86	61	120	5	4	7	4	13	19	15	27	0
*	3p	+	7	212438	241803	273215	177364	904820	5120	582	760	675	63	70	87	241	84	71	49	119	17	12	23	14	18	13	20	24	0
*	3p	+	8	199562	252458	281530	171286	904836	4341	658	652	580	54	85	99	221	73	60	65	137	11	9	29	19	23	11	11	15	0
*	3p	+	9	197419	257353	263830	186243	904845	3451	783	632	627	71	93	95	199	87	102	82	141	20	13	24	8	13	5	12	22	0
*	3p	+	10	206017	245329	272356	181149	904851	3225	760	693	586	60	104	103	202	54	80	86	128	17	16	27	18	11	8	11	15	0
*	3p	+	11	191166	259938	278733	175015	904852	2904	774	637	646	52	71	89	207	46	65	67	144	5	13	25	16	7	7	10	20	0
*	3p	+	12	192023	261754	261141	189939	904857	2589	860	589	636	64	71	109	211	79	82	92	142	19	17	35	16	13	5	8	14	0
*	3p	+	13	203546	248577	270701	182029	904853	2276	741	718	587	66	89	96	181	63	74	71	166	18	19	27	18	14	5	13	12	0
*	3p	+	14	188631	262949	277789	175482	904851	2193	833	683	616	76	71	76	194	69	80	74	144	21	13	19	33	12	4	11	19	0
*	3p	+	15	190463	264435	260732	189226	904856	1903	824	597	662	66	72	81	186	52	71	72	182	15	16	24	25	9	3	10	17	0
*	3p	+	16	200471	251638	267633	185116	904858	1782	802	700	550	64	78	95	186	56	83	68	163	27	17	29	26	7	7	13	12	0
*	3p	+	17	186111	266001	275161	177574	904847	1773	954	633	578	78	88	76	194	69	77	72	184	20	22	37	31	13	13	10	13	0
*	3p	+	18	189380	265478	258338	191651	904847	1534	1038	657	623	58	77	96	216	63	74	88	132	23	12	33	32	8	13	7	17	0
*	3p	+	19	198289	252682	266306	187589	904866	1539	1084	695	607	73	98	77	146	61	83	82	148	22	12	46	37	9	7	8	7	0
*	3p	+	20	184835	267260	273227	179537	904859	1502	1254	679	573	61	77	82	184	66	82	76	167	14	18	45	31	7	9	6	15	0
*	3p	+	21	184280	268889	254871	196818	904858	1325	1437	630	642	61	60	89	184	64	83	61	180	21	23	36	30	5	11	12	8	0
*	3p	+	22	196358	253688	263818	190983	904847	1366	1536	635	617	89	88	86	161	61	67	77	164	22	18	49	34	12	8	14	16	0
*	3p	+	23	183475	267708	269394	184265	904842	1264	1836	657	597	66	72	81	181	66	63	66	174	23	22	39	20	14	16	8	16	0
*	3p	+	24	183857	268913	252043	200027	904840	1157	2088	683	673	79	78	93	171	73	73	87	163	16	25	36	35	12	12	12	19	0
*	3p	+	25	194892	255532	259860	194569	904853	1106	2388	670	632	73	87	77	180	54	68	70	194	14	18	37	33	3	15	12	14	0
*	3p	+	26	182601	269933	266311	185999	904844	1124	2807	623	618	76	99	81	190	52	76	97	209	17	15	25	31	9	11	15	16	0
*	3p	+	27	183094	268257	251259	202210	904820	897	3356	684	571	74	72	92	170	68	87	82	202	25	19	54	29	17	23	20	16	0
*	3p	+	28	194620	255241	259260	195714	904835	889	3518	734	608	76	113	79	170	62	72	96	219	19	22	34	46	11	19	14	18	0
*	3p	+	29	178326	271773	266076	188659	904834	849	4837	657	617	122	94	91	159	72	81	113	234	18	14	38	39	13	26	12	12	0
*	3p	+	30	176787	273547	248366	206143	904843	786	6269	733	652	112	105	87	200	80	86	142	278	18	13	37	35	11	17	10	15	0
*	3p	+	31	173374	242512	236014	185018	836918	733	5715	692	630	104	109	100	130	64	76	152	221	16	12	31	21	6	17	10	13	0
*	3p	+	32	148928	235123	223428	164999	772478	659	5640	545	553	85	104	96	155	53	61	151	241	14	13	23	29	10	12	9	10	0
*	3p	+	33	138094	216123	193492	164210	711919	597	5326	537	555	98	80	75	119	64	65	120	209	19	9	22	26	6	13	11	9	0
*	3p	+	34	134216	189633	183049	145281	652179	532	4777	535	456	72	99	88	116	66	59	113	204	8	14	32	17	10	12	4	10	0
*	3p	+	35	115040	180995	172306	128466	596807	521	4658	421	436	88	77	73	109	48	40	109	187	9	13	18	28	9	5	9	13	0
*	3p	+	36	106097	166145	147776	125910	545928	389	4457	393	436	57	72	56	88	51	65	109	164	8	7	27	13	8	10	9	11	0
*	3p	+	37	102011	145599	138234	111323	497167	403	3897	396	332	64	51	62	89	38	48	89	168	9	9	17	16	4	7	12	10	0
*	3p	+	38	86544	138702	129665	97551	452462	358	3750	339	345	63	66	50	94	28	49	89	153	16	7	16	11	7	3	6	11	0
*	3p	+	39	79326	125173	111422	96130	412051	319	3338	319	274	51	60	50	75	33	45	106	124	8	7	18	16	10	13	10	6	0
*	3p	+	40	76461	109250	103707	84169	373587	270	3092	267	256	46	52	39	72	32	31	77	119	7	7	17	18	9	8	7	10	0
*	3p	+	41	64315	104029	96773	73587	338704	270	2979	267	258	46	47	43	55	25	36	61	111	7	7	9	15	7	5	8	11	0
*	3p	+	42	58678	93235	83469	72040	307422	211	2669	235	221	61	48	39	62	31	31	70	97	8	6	12	8	4	9	4	6	0
*	3p	+	43	56281	81303	77123	62996	277703	220	2348	214	208	28	39	36	51	16	24	69	93	5	2	9	7	3	6	1	6	0
*	3p	+	44	47802	76246	71954	54851	250853	186	2225	187	192	35	36	26	46	26	17	63	77	0	8	9	8	3	5	7	3	0
*	3p	+	45	43735	68979	61080	53240	227034	169	1875	150	192	39	39	30	30	20	27	64	73	6	3	5	8	2	5	3	3	0
*	3p	+	46	41166	59790	56922	46475	204353	152	1710	147	171	33	27	31	28	20	24	50	74	0	6	9	5	3	0	2	5	0
*	3p	+	47	34843	56379	52668	40486	184376	132	1549	164	154	33	33	37	29	17	15	40	64	2	3	5	4	3	1	3	4	0
*	3p	+	48	31453	50743	45091	39209	166496	107	1460	109	129	27	21	22	25	16	15	27	50	2	4	9	10	1	4	5	5	0
*	3p	+	49	30240	43851	41753	33921	149765	106	1280	100	130	29	33	18	23	12	13	34	54	1	4	5	2	1	3	1	3	0
*	3p	+	50	25334	41803	38377	29484	134998	106	1190	99	103	13	17	23	28	12	13	33	42	0	1	4	2	1	1	3	1	0
*	3p	+	51	23222	37162	32759	28710	121853	75	1094	88	85	16	15	16	25	12	12	29	36	0	2	3	5	4	7	3	3	0
*	3p	+	52	22263	31779	30316	25160	109518	78	921	96	83	19	13	16	19	6	14	26	39	2	3	1	2	1	1	1	4	0
*	3p	+	53	18668	30263	28000	21568	98499	84	852	74	61	14	13	13	10	12	13	24	31	0	2	3	5	0	0	4	1	0
*	3p	+	54	17034	27129	23760	21026	88949	80	795	87	69	15	13	14	10	9	10	24	27	4	1	6	1	1	1	3	1	0
*	3p	+	55	16277	23595	22086	18033	79991	64	642	58	49	9	15	6	7	8	6	14	18	1	1	3	4	1	5	1	2	0
*	3p	+	56	13770	22099	20379	15764	72012	54	575	44	65	10	10	11	9	6	9	11	18	3	1	1	3	1	3	5	0	0
*	3p	+	57	12308	19789	17406	15336	64839	41	572	46	56	10	10	8	18	9	8	12	18	0	0	1	1	3	1	3	1	0
*	3p	+	58	11691	17075	15999	13410	58175	35	503	29	34	15	7	4	9	8	3	20	20	1	1	3	6	2	2	2	0	0
*	3p	+	59	9959	16152	14836	11430	52377	33	461	36	43	7	12	10	14	7	7	9	15	1	0	1	3	1	3	0	0	0
*	3p	+	60	8994	14438	12638	11015	47085	28	414	49	41	8	8	8	5	4	3	10	8	3	2	1	0	4	0	1	0	0
*	3p	+	61	8610	12404	11624	9669	42307	33	332	30	42	8	9	11	7	2	7	17	15	3	0	3	2	0	1	3	0	0
*	3p	+	62	7232	11608	10831	8508	38179	27	330	38	26	11	6	6	6	3	4	8	18	0	0	6	1	1	2	2	1	0
*	3p	+	63	6589	10479	9193	8256	34517	34	277	27	34	5	4	4	3	2	6	6	8	0	1	5	0	0	1	1	1	0
*	3p	+	64	6453	9028	8564	7108	31153	21	244	18	21	7	4	5	8	5	2	2	12	1	1	0	1	1	1	1	0	0
*	3p	+	65	5387	8606	7860	6289	28142	23	240	11	26	5	4	3	6	2	3	11	11	0	0	2	0	0	0	0	1	0
*	3p	+	66	4906	7719	6744	6060	25429	20	218	28	20	6	3	7	4	3	6	10	11	0	0	3	1	0	0	1	0	0
*	3p	+	67	4763	6631	6198	5194	22786	19	176	22	16	9	7	2	5	0	2	7	2	0	0	1	3	0	0	1	0	0
*	3p	+	68	3895	6259	5779	4608	20541	19	208	12	16	4	3	5	4	2	3	8	6	1	0	0	1	0	2	0	1	0
*	3p	+	69	3644	5708	4862	4338	18552	17	148	14	14	2	2	3	2	1	3	4	5	0	0	0	3	1	1	0	2	0
*	3p	+	70	3379	4950	4605	3785	16719	6	143	16	18	3	1	3	2	3	2	4	8	0	0	3	0	1	0	0	1	0
*	3p	-	1	222555	213231	314729	154432	904947	21190	454	1002	594	120	153	559	582	313	270	272	277	0	0	0	0	0	0	0	0	0
*	3p	-	2	203116	259262	282371	160194	904943	15523	390	776	685	102	98	353	358	244	227	182	201	0	0	0	0	0	0	0	0	0
*	3p	-	3	201791	267488	258903	176753	904935	9090	390	692	733	88	102	206	297	168	159	97	122	1	1	0	0	2	0	7	5	0
*	3p	-	4	215738	247696	265593	175882	904909	7951	306	712	670	64	96	99	319	84	103	73	113	2	0	4	5	7	11	11	11	0
*	3p	-	5	202984	259828	268300	173772	904884	6635	350	686	660	67	59	91	324	79	79	73	131	4	12	9	10	21	10	16	19	0
*	3p	-	6	202085	258192	259568	185030	904875	5519	413	683	706	60	62	83	273	95	94	67	123	10	12	16	19	13	17	25	17	0
*	3p	-	7	206428	248276	268003	182169	904876	4745	573	678	632	52	71	96	230	77	85	84	162	21	27	28	27	28	7	18	20	0
*	3p	-	8	196614	258176	275600	174502	904892	4209	694	644	592	64	65	112	190	83	85	63	148	14	32	31	29	14	7	15	22	0
*	3p	-	9	192946	261846	261623	188478	904893	3559	769	622	698	55	67	102	213	86	94	69	142	18	23	37	32	17	10	21	8	0
*	3p	-	10	202605	251221	267199	183881	904906	3273	793	667	625	58	71	77	212	88	75	79	132	17	23	23	35	11	7	17	8	0
*	3p	-	11	190766	262128	274446	177571	904911	2919	784	706	619	60	80	100	190	86	56	60	158	13	17	26	34	8	6	12	12	0
*	3p	-	12	189719	265196	259110	190885	904910	2392	812	696	605	59	72	93	193	77	80	65	135	15	28	20	30	8	9	12	11	0
*	3p	-	13	201437	251918	265999	185552	904906	2310	774	708	584	67	85	89	180	66	76	72	163	18	18	27	19	10	9	16	8	0
*	3p	-	14	189857	263970	272776	178308	904911	2144	758	635	573	59	69	80	184	69	87	74	180	15	16	29	30	11	5	12	11	0
*	3p	-	15	189328	266859	258367	190346	904900	1857	855	660	642	56	75	88	221	74	74	63	173	17	20	26	24	13	11	10	15	0
*	3p	-	16	198734	254526	263939	187703	904902	1798	834	676	666	59	75	83	181	85	77	67	144	25	15	29	32	13	13	10	11	0
*	3p	-	17	187578	265946	271713	179673	904910	1744	931	649	570	56	82	81	195	75	82	68	161	17	17	13	32	11	8	13	8	0
*	3p	-	18	187119	268252	257516	192017	904904	1502	1040	673	645	50	87	97	185	69	79	79	173	19	19	37	26	9	15	11	11	0
*	3p	-	19	196146	255608	263610	189543	904907	1518	1071	656	621	59	83	69	170	72	70	80	164	19	26	36	48	6	9	13	14	0
*	3p	-	20	185255	266735	270088	182832	904910	1490	1296	659	616	51	75	97	194	68	73	71	178	20	26	29	42	10	9	8	11	0
*	3p	-	21	183343	270426	254693	196445	904907	1337	1486	666	626	61	54	81	191	69	59	86	175	23	32	30	55	8	14	13	7	0
*	3p	-	22	194690	256470	261726	192017	904903	1396	1521	682	612	56	79	82	168	75	87	86	165	14	23	27	35	7	13	16	11	0
*	3p	-	23	184171	269113	266986	184637	904907	1286	1924	656	561	64	70	86	152	59	79	74	162	16	23	35	36	9	9	17	8	0
*	3p	-	24	182749	270671	252927	198555	904902	1078	2174	627	678	61	60	88	155	77	104	71	186	17	23	37	38	10	11	18	8	0
*	3p	-	25	193581	258202	257265	195836	904884	1127	2392	678	655	61	97	66	161	74	100	90	205	23	21	24	37	17	17	20	11	0
*	3p	-	26	183254	269813	264299	187521	904887	1033	2861	619	583	58	67	90	133	72	72	75	191	15	21	39	42	12	12	27	11	0
*	3p	-	27	180927	271943	250752	201256	904878	929	3396	627	647	60	90	69	137	68	83	83	216	14	33	31	35	12	19	23	18	0
*	3p	-	28	191665	259440	257122	196668	904895	902	3728	690	640	81	78	81	121	79	78	99	204	17	19	16	40	8	14	19	14	0
*	3p	-	29	178662	272288	264354	189599	904903	855	5008	679	647	94	73	90	163	70	85	121	261	15	13	28	32	14	9	15	8	0
*	3p	-	30	175404	275951	248803	204755	904913	738	6500	675	688	102	98	98	144	78	85	172	261	17	21	32	24	8	13	11	5	0
*	3p	-	31	167130	249449	230053	190735	837367	732	5937	659	620	92	88	93	149	79	78	138	245	16	21	21	22	2	11	12	13	0
*	3p	-	32	144873	239518	217844	170634	772869	646	5851	564	526	84	75	71	141	68	73	130	245	12	15	17	30	7	16	17	14	0
*	3p	-	33	132095	221073	190535	168440	712143	543	5649	472	552	72	80	84	123	71	75	123	193	9	10	21	18	6	16	19	6	0
*	3p	-	34	128338	194564	177745	151814	652461	549	5113	472	489	72	77	74	117	61	70	102	195	12	9	21	14	8	6	16	10	0
*	3p	-	35	110751	185785	167106	133301	596943	499	4843	428	428	72	65	61	113	47	59	102	188	10	7	16	11	5	12	11	8	0
*	3p	-	36	100454	170176	145450	130169	546249	433	4602	352	400	53	48	69	95	42	54	90	162	7	10	17	14	10	10	10	4	0
*	3p	-	37	97394	149161	134355	116522	497432	326	4094	378	357	56	59	52	75	48	44	76	130	6	8	6	17	1	3	5	5	0
*	3p	-	38	83408	141658	126284	101406	452756	323	3833	306	341	29	56	54	87	38	48	74	140	5	7	9	15	5	14	5	7	0
*	3p	-	39	75624	128677	109211	98484	411996	290	3501	254	306	43	43	45	72	32	45	83	104	11	11	9	17	8	3	12	6	0
*	3p	-	40	72795	112221	101049	87331	373396	281	3215	293	287	45	52	49	72	21	30	58	97	4	9	8	11	5	8	4	4	0
*	3p	-	41	61899	105833	94883	75925	338540	231	3022	258	265	41	40	44	64	33	46	72	105	7	7	6	12	5	4	7	5	0
*	3p	-	42	56013	96480	81578	73116	307187	203	2773	219	255	41	31	44	57	20	32	60	103	3	10	9	7	2	4	9	3	0
*	3p	-	43	53665	83250	75241	65153	277309	187	2407	231	214	33	33	43	55	26	27	45	86	8	1	8	10	0	2	6	3	0
*	3p	-	44	45854	78297	69522	56905	250578	182	2255	194	200	35	22	34	38	25	21	58	73	2	3	8	7	4	5	5	1	0
*	3p	-	45	41537	70826	60030	54327	226720	155	2044	175	182	21	29	29	35	28	22	50	65	2	2	8	6	1	4	6	5	0
*	3p	-	46	39623	61517	55182	47933	204255	136	1843	160	158	28	31	30	45	25	20	46	58	4	2	5	9	1	5	2	1	0
*	3p	-	47	33812	57555	51049	41937	184353	151	1675	154	139	24	16	33	30	26	16	47	49	3	0	5	5	1	3	4	2	0
*	3p	-	48	30577	52068	43861	39956	166462	120	1509	95	132	23	20	20	22	17	21	32	47	6	3	5	3	1	1	4	0	0
*	3p	-	49	28998	45067	40368	35231	149664	109	1372	124	126	20	20	16	29	6	14	35	41	7	2	2	3	0	1	3	1	0
*	3p	-	50	24582	42231	37330	30571	134714	81	1226	115	109	14	13	26	24	15	18	30	44	1	5	6	4	3	1	5	0	0
*	3p	-	51	22050	38329	32278	29018	121675	92	1132	70	103	12	13	20	13	7	11	22	36	3	3	2	4	1	1	2	0	0
*	3p	-	52	20921	32965	29735	25532	109153	73	945	75	92	13	15	11	15	14	13	22	31	2	4	1	2	1	2	2	0	0
*	3p	-	53	17789	30730	27490	22364	98373	68	852	69	85	13	19	7	12	10	8	17	31	3	3	1	2	3	1	2	3	0
*	3p	-	54	15976	27874	23482	21477	88809	62	785	50	52	7	14	11	23	9	6	19	33	2	2	1	2	1	0	1	0	0
*	3p	-	55	15309	24082	21795	18818	80004	54	702	49	59	8	14	6	11	11	9	19	23	0	4	3	2	1	2	2	3	0
*	3p	-	56	13020	22601	20039	16446	72106	36	612	59	59	13	10	9	25	2	6	9	21	0	1	2	3	0	2	0	2	0
*	3p	-	57	11970	20565	16911	15631	65077	29	607	50	58	4	9	11	6	4	8	7	17	0	0	5	4	0	0	2	2	0
*	3p	-	58	11280	17601	15756	13842	58479	36	513	41	54	8	7	5	9	6	4	12	18	2	0	1	2	1	2	1	0	0
*	3p	-	59	9649	16504	14773	11822	52748	37	473	38	26	8	6	9	8	5	5	9	16	1	2	2	2	2	1	2	0	0
*	3p	-	60	8652	14877	12693	11344	47566	33	368	31	33	4	3	6	7	1	2	11	17	0	1	2	4	1	2	2	0	0
*	3p	-	61	8114	13119	11480	10042	42755	30	368	30	29	4	4	6	9	5	4	13	12	0	0	1	1	2	0	3	0	0
*	3p	-	62	7085	12179	10814	8516	38594	29	356	21	23	7	4	8	7	2	2	8	8	1	0	0	0	0	0	2	1	0
*	3p	-	63	6452	10815	9324	8313	34904	20	298	22	28	4	4	5	3	6	5	4	12	2	0	1	0	1	2	1	0	0
*	3p	-	64	6286	9342	8544	7312	31484	19	264	20	25	5	2	1	4	3	5	11	9	1	2	2	2	1	1	2	2	0
*	3p	-	65	5141	9007	7890	6369	28407	15	241	17	20	3	5	3	8	0	3	6	9	1	0	0	1	1	0	1	1	0
*	3p	-	66	4681	7970	6751	6299	25701	23	236	17	20	3	3	5	3	4	4	2	10	1	0	2	0	1	0	0	2	0
*	3p	-	67	4431	6911	6341	5408	23091	15	192	22	17	2	3	4	3	0	3	3	9	0	0	0	1	0	1	2	0	0
*	3p	-	68	3859	6456	5725	4723	20763	12	160	17	19	3	2	3	3	0	0	1	3	0	0	1	1	1	0	2	1	0
*	3p	-	69	3454	5821	4950	4574	18799	13	157	15	17	2	2	4	3	2	3	1	4	0	0	0	1	0	0	2	0	0
*	3p	-	70	3270	5185	4518	3988	16961	11	139	13	14	1	2	1	2	2	5	4	9	0	0	1	0	2	0	2	1	0
*	5p	+	1	152949	315232	213992	222723	904896	353	21609	610	940	339	279	261	269	128	145	629	671	0	0	0	0	0	0	0	0	1
*	5p	+	2	160524	284201	258538	201614	904877	388	15726	705	759	272	190	187	216	119	106	435	366	0	0	0	0	1	11	1	5	1
*	5p	+	3	176447	259938	267981	200486	904852	395	9185	803	637	148	149	123	129	102	96	231	300	3	2	3	4	7	11	11	15	1
*	5p	+	4	175905	266155	249717	213032	904809	347	7834	735	659	85	95	103	118	68	97	98	280	7	3	9	10	12	27	24	24	0
*	5p	+	5	174036	268593	260777	201372	904778	355	6634	688	657	79	90	91	143	69	77	96	300	7	6	25	27	24	34	29	31	0
*	5p	+	6	185251	260516	258430	200600	904797	470	5566	701	635	73	112	80	150	68	89	95	245	29	13	38	18	21	31	21	25	0
*	5p	+	7	182524	269191	247890	205197	904802	605	4819	692	651	93	96	80	140	63	66	109	249	14	20	37	33	11	31	31	20	0
*	5p	+	8	175617	275801	257680	195724	904822	758	4219	635	621	67	85	84	170	73	71	93	213	18	13	30	41	16	19	19	20	0
*	5p	+	9	189723	261844	261406	191862	904835	866	3493	736	627	99	96	87	158	67	66	82	234	15	19	38	29	15	18	11	18	0
*	5p	+	10	185125	267557	250364	201798	904844	802	3098	674	622	77	87	70	171	71	77	81	177	16	17	34	39	9	15	17	11	0
*	5p	+	11	178554	274331	261154	190817	904856	817	2892	662	598	69	73	67	168	64	72	89	185	17	13	39	35	5	4	15	15	0
*	5p	+	12	191350	258995	264879	189625	904849	875	2342	675	592	79	91	79	143	60	73	94	197	17	15	44	25	8	16	10	12	0
*	5p	+	13	186514	266260	251664	200420	904858	808	2175	628	631	71	67	99	172	52	79	76	170	16	19	37	20	5	11	9	14	0
*	5p	+	14	178748	273031	263213	189862	904854	875	2082	670	621	61	110	76	158	54	71	82	187	20	20	26	24	5	10	15	12	0
*	5p	+	15	190582	259027	266251	188999	904859	878	1839	648	617	71	72	67	162	54	77	81	174	13	15	33	21	8	11	10	8	0
*	5p	+	16	187283	265482	254112	197970	904847	869	1761	675	658	78	90	78	163	69	78	79	171	15	13	47	29	12	7	14	16	0
*	5p	+	17	180254	271894	266361	186345	904854	993	1709	654	610	70	86	83	173	66	80	78	213	16	20	27	36	12	7	8	16	0
*	5p	+	18	191738	258482	267712	186932	904864	1037	1584	710	621	57	95	72	169	63	68	69	187	19	14	24	23	9	6	6	12	0
*	5p	+	19	189916	264447	255443	195042	904848	1087	1405	693	625	75	75	89	184	60	86	60	180	13	19	35	23	12	11	8	17	0
*	5p	+	20	183517	270168	266808	184359	904852	1329	1375	645	658	76	61	77	161	54	79	86	152	30	16	33	24	12	9	12	12	0
*	5p	+	21	197109	254697	269763	183285	904854	1565	1298	685	579	69	102	81	175	56	65	76	144	25	23	36	29	12	10	7	14	0
*	5p	+	22	192535	261391	256887	194032	904845	1649	1287	628	609	66	87	75	193	67	71	75	163	21	16	41	33	14	12	13	13	0
*	5p	+	23	185347	267225	269098	183185	904855	1939	1237	642	646	62	66	83	162	59	72	75	143	25	23	36	32	10	7	10	15	0
*	5p	+	24	199614	252547	270432	182259	904852	2238	1086	698	566	72	78	81	184	64	72	82	166	17	15	34	32	11	7	11	15	0
*	5p	+	25	195368	257589	258987	192901	904845	2410	1025	683	627	74	85	99	201	75	77	83	147	22	13	51	34	11	10	12	19	0
*	5p	+	26	188038	264897	269246	182664	904845	2999	1027	644	626	73	87	90	185	64	74	84	167	18	24	40	24	14	12	8	18	0
*	5p	+	27	201793	250736	271037	181282	904848	3445	898	640	601	68	102	91	209	53	76	89	188	24	17	41	32	11	9	11	16	0
*	5p	+	28	198328	256346	259423	190759	904856	3723	848	676	673	70	86	93	221	65	82	72	147	19	14	28	20	11	13	7	10	0
*	5p	+	29	190606	264310	271251	178698	904865	4885	845	667	589	63	79	118	236	74	81	77	172	17	13	29	28	7	6	6	12	0
*	5p	+	30	205556	248522	275623	175152	904853	6440	748	673	585	80	88	139	248	88	103	92	163	17	15	30	22	10	8	11	14	0
*	5p	+	31	191488	229750	248844	166847	836929	6034	713	660	574	80	89	128	247	78	104	80	122	6	14	17	20	6	4	7	17	0
*	5p	+	32	171401	216920	239920	144242	772483	5976	609	591	517	63	76	127	209	82	74	81	149	7	16	20	17	16	6	8	4	0
*	5p	+	33	169222	189915	220612	132167	711916	5721	544	565	479	71	86	111	183	88	86	75	143	13	9	27	16	15	4	7	15	0
*	5p	+	34	151976	177947	194154	128104	652181	4961	513	571	499	61	55	113	164	51	74	68	104	6	8	19	16	7	9	10	8	0
*	5p	+	35	134059	167002	185355	110402	596818	4817	485	462	443	37	64	90	182	68	65	56	121	10	7	15	15	7	4	8	5	0
*	5p	+	36	130547	144867	169843	100687	545944	4484	400	449	359	42	65	108	158	63	57	47	102	6	9	17	13	6	3	3	10	0
*	5p	+	37	116837	134172	148990	97181	497180	4027	336	405	320	38	55	77	149	50	57	50	84	7	6	14	8	2	3	7	7	0
*	5p	+	38	102076	126224	141112	83063	452475	3900	347	317	290	41	25	85	154	65	45	54	62	5	6	10	15	1	3	3	8	0
*	5p	+	39	99077	108903	128733	75353	412066	3561	328	379	290	31	44	66	111	64	38	45	61	5	8	12	12	5	7	7	5	0
*	5p	+	40	87385	101651	111826	72748	373610	3196	239	291	285	33	26	76	120	35	38	35	62	5	4	13	17	4	2	2	3	0
*	5p	+	41	76728	94278	105534	62182	338722	3027	271	280	256	25	35	62	100	50	45	40	55	1	5	6	7	3	3	3	4	0
*	5p	+	42	74017	81454	96024	55936	307431	2924	223	282	213	34	33	63	111	32	38	45	49	8	0	9	5	1	4	3	5	0
*	5p	+	43	65808	74802	83471	53626	277707	2401	173	239	200	27	34	55	103	28	40	27	56	5	6	9	7	1	3	1	5	0
*	5p	+	44	56735	70263	78137	45730	250865	2238	186	225	162	20	39	51	81	47	26	31	41	3	1	3	6	2	2	1	1	0
*	5p	+	45	55089	59818	70668	41459	227034	2172	161	189	168	23	29	25	77	32	25	29	38	3	1	7	10	2	4	0	6	0
*	5p	+	46	48315	54868	61677	39495	204355	1827	148	155	163	24	28	38	65	21	22	27	34	5	5	3	11	2	3	0	3	0
*	5p	+	47	42023	51012	57686	33659	184380	1684	131	126	119	15	20	46	54	17	26	28	40	0	3	6	2	2	2	1	2	0
*	5p	+	48	40361	44014	51884	30242	166501	1464	115	159	120	26	16	46	47	12	21	13	38	4	4	5	1	5	0	4	1	0
*	5p	+	49	35810	40075	45061	28819	149765	1261	94	132	98	15	8	29	43	19	18	16	30	7	1	2	4	2	0	3	3	0
*	5p	+	50	30881	37236	42307	24578	135002	1251	98	107	94	12	13	27	47	12	17	13	14	1	2	3	1	1	0	0	2	0
*	5p	+	51	29485	31726	38310	22343	121864	1167	81	92	77	13	14	20	39	16	17	18	16	0	1	2	1	1	1	2	2	0
*	5p	+	52	26071	29535	32872	21038	109516	986	60	103	81	15	7	22	34	10	13	16	13	2	1	0	4	1	4	3	1	0
*	5p	+	53	22533	27244	30937	17786	98500	941	70	84	70	10	14	24	28	9	9	9	16	4	2	2	2	1	2	1	0	0
*	5p	+	54	21490	23721	27611	16129	88951	771	65	68	62	3	5	19	21	12	11	12	13	1	1	2	2	3	0	1	0	0
*	5p	+	55	18971	21528	24048	15449	79996	657	45	59	66	7	5	15	23	4	17	10	11	1	0	1	1	1	2	0	1	0
*	5p	+	56	16206	20117	22464	13229	72016	610	63	49	50	6	6	11	22	8	14	11	13	0	1	1	3	1	2	1	2	0
*	5p	+	57	15600	17079	20318	11844	64841	587	43	57	33	8	9	6	22	9	9	9	14	1	0	1	2	2	0	2	2	0
*	5p	+	58	13733	15796	17390	11257	58176	521	33	48	42	4	9	16	19	7	6	5	7	0	2	0	0	0	1	4	0	0
*	5p	+	59	11822	14455	16515	9587	52379	452	34	49	34	2	8	9	13	4	7	14	11	0	0	1	1	1	0	1	1	0
*	5p	+	60	11455	12458	14624	8549	47086	390	40	36	40	5	5	12	15	6	7	7	9	1	0	2	0	3	0	1	0	0
*	5p	+	61	10009	11411	12870	8018	42308	357	28	33	32	3	6	6	15	8	4	5	4	2	0	1	0	1	0	1	1	0
*	5p	+	62	8751	10467	11914	7051	38183	341	23	31	23	3	4	6	15	7	3	4	7	1	1	1	0	0	0	0	0	0
*	5p	+	63	8277	9353	10643	6245	34518	317	16	21	24	5	7	13	8	2	3	3	5	1	2	2	3	2	0	0	0	0
*	5p	+	64	7364	8368	9406	6015	31153	291	19	20	23	5	3	8	11	3	0	5	5	1	0	1	1	1	2	0	0	0
*	5p	+	65	6323	7788	8900	5130	28141	253	21	19	18	2	4	14	10	2	3	6	8	1	0	1	0	0	0	0	1	0
*	5p	+	66	6146	6658	7984	4640	25428	225	16	18	16	2	2	12	12	1	4	3	4	0	0	3	0	0	1	0	1	0
*	5p	+	67	5421	6222	6703	4438	22784	187	16	21	13	1	3	0	9	2	3	5	3	2	1	0	0	0	2	0	1	0
*	5p	+	68	4626	5743	6387	3786	20542	173	15	13	17	6	2	8	5	3	3	5	2	1	1	1	1	1	0	0	1	0
*	5p	+	69	4408	4848	5969	3331	18556	172	12	16	15	1	2	4	1	0	4	2	1	0	0	1	0	0	0	0	0	0
*	5p	+	70	3981	4388	5082	3270	16721	144	10	9	20	0	1	0	13	2	1	1	1	0	0	0	0	0	0	0	0	0
*	5p	-	1	128317	339646	192538	244447	904948	357	23167	532	1026	263	220	288	266	130	144	511	533	0	0	0	0	0	0	0	0	1
*	5p	-	2	145650	293738	256960	208600	904948	347	16526	613	825	203	157	163	219	114	107	379	338	0	0	0	0	0	1	0	0	1
*	5p	-	3	167380	264253	263134	210176	904943	380	9667	737	656	124	116	101	124	99	100	230	279	0	0	0	1	1	0	1	3	1
*	5p	-	4	167578	271796	243960	221596	904930	358	7938	679	671	82	90	86	115	78	93	83	314	0	0	1	4	2	10	6	2	0
*	5p	-	5	167759	275297	256246	205543	904845	349	6980	645	608	78	75	91	114	84	63	95	302	5	7	1	14	16	31	36	22	0
*	5p	-	6	181681	263782	251587	207805	904855	414	5767	667	643	70	96	61	134	53	94	103	266	17	10	7	14	17	20	37	21	0
*	5p	-	7	177977	273218	242537	211118	904850	607	4922	698	637	61	88	68	133	58	92	104	204	13	21	16	25	17	22	37	23	0
*	5p	-	8	171827	281722	253451	197863	904863	736	4297	690	626	56	85	93	160	73	74	89	222	10	17	18	37	9	27	34	17	0
*	5p	-	9	186374	264831	256699	196994	904898	787	3502	660	623	79	74	65	130	65	74	92	214	18	15	22	20	7	15	17	13	0
*	5p	-	10	180849	272346	246428	205276	904899	798	3197	636	645	74	72	73	131	76	92	70	178	12	23	29	30	9	21	12	9	0
*	5p	-	11	175010	279632	259159	191096	904897	791	2755	683	651	48	68	76	180	62	79	101	187	11	23	23	30	7	15	22	8	0
*	5p	-	12	190478	261608	261950	190873	904909	814	2392	689	629	57	68	70	175	72	79	101	199	18	15	21	27	3	11	17	9	0
*	5p	-	13	183530	269895	247908	203569	904902	784	2321	681	639	61	76	89	152	89	66	75	192	18	9	26	28	8	5	19	16	0
*	5p	-	14	176419	276575	262754	189148	904896	814	2091	661	618	59	78	93	148	51	80	80	214	16	28	28	22	7	12	28	7	0
*	5p	-	15	190325	260272	263962	190347	904906	911	1887	662	609	55	81	68	127	65	63	83	164	19	18	33	25	4	10	15	14	0
*	5p	-	16	185327	269372	250329	199878	904906	883	1809	639	672	53	74	69	159	63	86	61	178	21	25	24	25	10	10	11	11	0
*	5p	-	17	178364	274454	266008	186085	904911	1013	1693	638	593	60	84	92	193	71	84	71	211	15	26	23	41	12	6	12	8	0
*	5p	-	18	192940	257527	265313	189120	904900	1051	1481	691	574	64	73	83	156	71	82	91	207	23	33	32	57	15	7	19	9	0
*	5p	-	19	188454	266933	252197	197328	904912	1074	1502	626	609	54	65	90	181	58	78	71	185	23	18	30	41	7	11	15	5	0
*	5p	-	20	181349	273199	266258	184094	904900	1288	1492	651	591	51	91	86	160	69	87	96	170	23	21	25	31	14	15	12	9	0
*	5p	-	21	197191	255310	268737	183669	904907	1559	1285	734	575	76	74	67	176	78	76	68	162	11	20	28	30	11	4	13	13	0
*	5p	-	22	190716	264995	253757	195434	904902	1595	1263	655	606	68	85	83	166	83	78	74	172	22	23	28	51	15	13	9	11	0
*	5p	-	23	185292	270140	267441	182039	904912	1928	1233	653	653	57	59	94	175	79	73	71	168	21	32	38	40	8	11	13	5	0
*	5p	-	24	200778	253503	267608	183012	904901	2116	1130	673	574	78	69	92	213	81	86	70	152	25	28	32	36	8	14	16	10	0
*	5p	-	25	194493	259835	254960	195597	904885	2333	1092	643	672	50	91	79	176	81	68	82	165	17	26	45	41	21	8	19	16	0
*	5p	-	26	186232	266823	269542	182294	904891	2968	1033	623	627	56	71	96	211	64	100	72	165	15	22	39	27	15	14	18	12	0
*	5p	-	27	203086	251150	268859	181801	904896	3305	910	708	635	54	65	92	216	82	68	68	163	15	30	27	35	11	19	11	12	0
*	5p	-	28	197024	259506	255435	192927	904892	3682	851	656	650	65	81	99	217	85	94	90	158	16	14	41	30	21	11	15	11	0
*	5p	-	29	189855	266244	270603	178197	904899	4794	810	651	648	57	66	117	214	102	97	74	149	16	13	25	32	14	11	12	14	0
*	5p	-	30	206447	248767	273265	176427	904906	6268	764	793	605	69	87	145	278	122	108	107	165	14	25	25	24	10	7	17	10	0
*	5p	-	31	185532	236018	242048	173763	837361	5765	655	655	623	52	77	139	263	113	113	87	192	17	13	23	30	8	9	19	9	0
*	5p	-	32	165757	223837	234274	149019	772887	5689	621	620	497	65	76	151	223	98	105	84	132	12	18	22	20	9	5	9	14	0
*	5p	-	33	164872	193364	215312	138607	712155	5289	566	551	516	50	66	109	210	80	82	70	127	14	13	22	28	8	5	5	16	0
*	5p	-	34	145903	182161	189841	134555	652460	4758	558	489	493	54	70	116	191	92	67	69	94	15	11	22	18	15	6	13	7	0
*	5p	-	35	128548	172352	181780	114269	596949	4548	430	429	408	48	40	113	201	74	81	49	82	8	18	26	22	6	4	9	8	0
*	5p	-	36	127671	147860	165828	104886	546245	4382	446	468	423	35	48	94	152	64	56	55	80	9	14	20	20	8	6	10	12	0
*	5p	-	37	112010	138776	144436	102196	497418	3808	382	397	373	45	41	85	181	66	67	67	70	5	8	9	19	8	6	7	5	0
*	5p	-	38	97730	129586	138440	87019	452775	3683	377	319	275	27	35	102	126	60	47	49	84	4	13	17	11	5	1	1	4	0
*	5p	-	39	96281	111023	125376	79331	412011	3390	299	342	288	31	45	66	101	38	63	61	70	11	6	13	11	3	4	6	1	0
*	5p	-	40	84948	103376	108687	76389	373400	2940	279	304	276	41	38	87	124	56	52	32	70	10	8	11	16	1	5	7	6	0
*	5p	-	41	73777	97314	102939	64516	338546	2904	242	243	240	26	38	65	103	53	45	29	61	4	3	15	14	0	5	1	4	0
*	5p	-	42	72376	82941	93343	58536	307196	2688	238	244	206	28	32	41	99	56	37	31	43	5	2	16	15	3	0	3	2	0
*	5p	-	43	63061	77185	80528	56537	277311	2325	203	227	221	19	19	56	100	34	41	35	46	8	4	4	7	3	0	4	3	0
*	5p	-	44	55061	71559	76326	47626	250572	2145	177	204	205	21	26	63	85	40	24	35	47	3	5	6	3	7	3	8	2	0
*	5p	-	45	53339	61104	69028	43243	226714	1981	129	177	164	19	18	43	69	27	30	33	38	4	4	5	6	12	3	2	5	0
*	5p	-	46	46573	56827	59270	41579	204249	1726	161	146	145	18	30	43	55	36	34	32	36	0	4	8	8	1	3	6	5	0
*	5p	-	47	40496	52283	56554	35022	184355	1626	133	152	119	18	14	43	67	27	27	21	41	6	5	2	3	1	2	5	0	0
*	5p	-	48	39521	44775	50451	31708	166455	1429	99	140	104	30	14	39	49	31	26	18	23	3	3	3	1	2	2	7	2	0
*	5p	-	49	34503	41200	43676	30285	149664	1266	95	98	128	20	19	20	44	23	25	23	28	2	2	1	2	1	1	1	2	0
*	5p	-	50	29723	38198	41413	25384	134718	1205	80	107	99	6	13	24	43	14	19	15	27	2	1	2	6	2	1	2	0	0
*	5p	-	51	28845	32741	36954	23131	121671	1062	86	75	97	12	17	30	40	26	16	17	19	2	6	4	2	2	6	0	0	0
*	5p	-	52	25054	30339	31568	22193	109154	911	81	78	76	11	9	18	38	22	27	12	19	4	4	3	4	2	1	0	1	0
*	5p	-	53	21706	27959	30226	18486	98377	888	65	76	61	8	6	22	34	12	20	7	20	1	3	2	2	1	1	3	0	0
*	5p	-	54	21086	23644	27165	16911	88806	785	64	79	59	5	8	21	31	12	13	8	13	1	1	0	5	2	2	0	1	0
*	5p	-	55	18405	22171	23348	16086	80010	673	63	57	55	5	7	12	25	8	4	10	5	1	3	0	1	0	0	1	1	0
*	5p	-	56	15930	20504	22170	13506	72110	609	39	59	60	8	8	15	20	5	9	13	14	1	1	2	2	0	0	0	0	0
*	5p	-	57	15434	17436	19884	12326	65080	590	57	55	65	3	2	10	13	12	7	7	13	1	1	1	1	0	1	0	0	0
*	5p	-	58	13475	16172	17123	11713	58483	456	39	38	39	9	4	6	14	8	4	7	4	0	1	1	2	0	0	0	0	0
*	5p	-	59	11535	15069	16214	9934	52752	415	31	44	43	2	9	11	21	7	2	7	7	1	3	2	1	0	0	0	0	0
*	5p	-	60	11239	12538	14720	9073	47570	400	32	39	40	1	5	8	18	11	11	5	8	0	1	1	1	0	0	0	1	0
*	5p	-	61	9864	11785	12506	8603	42758	355	28	46	27	2	4	6	8	2	3	8	6	1	2	0	2	0	1	1	0	0
*	5p	-	62	8559	10917	11885	7235	38596	321	27	26	27	6	1	8	11	7	7	3	6	1	2	3	2	0	0	0	0	0
*	5p	-	63	8348	9322	10612	6624	34906	283	23	28	25	2	3	10	6	3	4	5	4	1	0	0	3	1	0	1	0	0
*	5p	-	64	7160	8852	9164	6312	31488	262	22	30	24	1	3	7	10	11	7	2	4	1	1	1	2	0	0	0	2	0
*	5p	-	65	6230	8114	8804	5262	28410	238	24	18	26	2	4	7	8	5	1	5	6	0	1	0	1	0	0	0	0	0
*	5p	-	66	6206	6784	7910	4804	25704	233	11	19	16	3	0	1	11	3	5	2	3	1	0	0	0	0	0	0	0	0
*	5p	-	67	5382	6334	6724	4652	23092	175	15	15	21	2	1	6	9	3	4	4	1	0	0	1	0	1	0	1	0	0
*	5p	-	68	4569	5858	6410	3927	20764	189	13	8	14	0	0	5	7	3	3	4	7	0	1	0	3	0	0	0	3	0
*	5p	-	69	4367	5032	5776	3624	18799	170	10	15	7	1	2	4	6	1	5	6	3	1	0	0	1	0	0	0	2	0
*	5p	-	70	3810	4651	5033	3472	16966	143	12	12	6	5	3	7	5	2	1	0	4	0	0	0	0	0	0	0	0	0
