# table produced by mapDamage version 2.0.3
# using mapped file tmp3.sam and Reference/GCF_000007125.1_ASM712v1_genomic.fna as reference file
# Chr: reference from sam/bam header, End: from which termini of DNA sequences, Std: strand of reads
Chr	End	Std	Pos	A	C	G	T	Total	G>A	C>T	A>G	T>C	A>C	A>T	C>G	C>A	T>G	T>A	G>C	G>T	A>-	T>-	C>-	G>-	->A	->T	->C	->G	S
*	3p	+	1	15032	9060	16731	9708	50531	3052	13	16	21	9	2	11	12	5	10	6	14	0	0	0	0	0	0	0	0	1
*	3p	+	2	13040	12611	13752	11127	50530	1511	22	14	29	9	6	12	15	9	4	4	9	0	0	0	0	0	0	0	1	1
*	3p	+	3	11543	13703	13662	11622	50530	854	14	12	13	8	7	8	19	6	7	6	6	0	1	0	0	0	0	0	1	1
*	3p	+	4	11732	13360	14355	11083	50530	560	15	16	14	14	7	5	20	6	8	10	26	2	0	0	0	0	0	0	1	0
*	3p	+	5	11223	14208	14072	11028	50531	471	16	10	21	11	4	3	29	2	12	4	14	2	1	0	0	0	0	0	0	0
*	3p	+	6	10746	13747	15017	11018	50528	331	16	9	15	3	4	7	18	9	20	5	16	1	2	1	1	1	0	2	0	0
*	3p	+	7	11403	13702	14542	10881	50528	311	15	9	18	3	4	7	27	6	26	3	21	2	0	0	0	3	0	0	0	0
*	3p	+	8	10937	13574	15357	10660	50528	283	14	7	9	5	2	7	19	7	21	2	22	1	1	0	1	0	0	3	0	0
*	3p	+	9	10914	14305	14412	10889	50520	224	21	13	19	6	0	5	21	2	26	8	15	0	1	2	1	1	2	3	5	0
*	3p	+	10	11109	13812	14532	11070	50523	226	12	9	23	8	7	8	15	8	25	5	15	0	1	3	2	3	1	0	4	0
*	3p	+	11	11158	13668	14961	10742	50529	231	12	14	13	6	3	9	31	6	36	7	14	0	4	0	3	0	0	1	1	0
*	3p	+	12	10792	14061	14341	11332	50526	193	18	13	15	4	2	4	18	2	21	4	15	0	1	5	3	1	0	1	3	0
*	3p	+	13	11604	13498	14280	11145	50527	252	13	11	13	3	4	3	14	6	24	11	6	2	2	3	2	2	0	0	2	0
*	3p	+	14	11152	13888	14778	10709	50527	234	11	12	9	6	3	3	16	3	12	8	19	0	2	1	1	0	1	1	2	0
*	3p	+	15	11035	14087	14489	10919	50530	224	19	16	18	6	2	9	9	7	13	8	19	0	4	2	2	1	0	0	0	0
*	3p	+	16	11646	13584	14260	11037	50527	211	14	5	11	5	1	3	15	3	10	2	20	2	1	3	2	1	0	0	3	0
*	3p	+	17	11158	13827	14835	10709	50529	243	18	5	13	7	0	3	12	4	8	3	18	0	2	2	5	0	1	0	1	0
*	3p	+	18	11213	14052	14315	10949	50529	253	16	9	13	8	3	3	14	3	5	2	15	0	2	4	3	1	0	0	1	0
*	3p	+	19	11492	13472	14379	11188	50531	264	18	10	14	8	3	2	6	4	7	1	20	1	1	1	3	0	0	0	0	0
*	3p	+	20	11056	13906	14599	10965	50526	270	20	19	13	5	1	5	16	3	9	3	19	0	2	3	2	0	3	1	1	0
*	3p	+	21	10983	14120	14081	11344	50528	279	25	13	10	9	1	8	18	3	6	3	14	2	0	4	1	1	1	1	0	0
*	3p	+	22	11596	13334	14355	11242	50527	270	22	8	13	4	4	3	13	4	4	5	12	1	0	1	1	2	0	0	2	0
*	3p	+	23	11356	13760	14536	10875	50527	267	22	8	17	4	1	0	7	4	7	3	17	1	1	1	0	1	0	2	1	0
*	3p	+	24	11078	14218	14137	11092	50525	273	25	10	12	9	5	3	14	5	5	5	26	0	1	1	1	2	0	2	2	0
*	3p	+	25	11490	13615	14220	11203	50528	247	24	8	12	3	2	2	18	4	6	3	16	0	1	2	1	1	0	1	1	0
*	3p	+	26	11203	14009	14525	10788	50525	241	28	15	22	6	5	3	12	1	7	5	25	1	0	0	2	3	0	1	2	0
*	3p	+	27	11027	14103	14264	11134	50528	242	28	8	20	3	2	3	6	3	6	3	14	0	0	4	1	0	1	1	1	0
*	3p	+	28	11541	13627	14242	11113	50523	248	20	8	10	6	3	2	9	1	1	4	22	1	2	4	0	2	3	0	3	0
*	3p	+	29	10992	13794	14727	11016	50529	248	32	8	13	3	1	2	10	2	7	5	21	0	1	1	2	0	0	0	1	0
*	3p	+	30	11047	13971	14104	11408	50530	226	26	11	15	7	2	1	12	2	10	6	24	1	1	1	0	0	0	0	1	0
*	3p	+	31	11460	13519	14324	11216	50519	223	23	5	11	6	3	3	9	4	5	4	23	1	1	5	1	0	2	0	0	0
*	3p	+	32	11134	14071	14545	10761	50511	204	37	6	9	4	2	1	7	4	7	2	11	0	1	1	1	1	0	0	1	0
*	3p	+	33	10928	14204	14134	11236	50502	201	22	9	11	2	3	7	11	3	2	5	23	0	1	2	3	0	1	0	1	0
*	3p	+	34	11378	13641	14200	11275	50494	191	22	7	13	2	1	1	7	4	2	2	19	0	1	4	2	0	0	0	0	0
*	3p	+	35	11122	13832	14468	11058	50480	201	26	9	16	6	3	1	9	2	6	3	18	0	0	2	2	0	0	0	0	0
*	3p	+	36	10913	14204	13841	11437	50395	184	26	7	14	6	3	2	13	5	7	1	19	0	0	0	1	1	0	0	0	0
*	3p	+	37	11457	13476	14053	11298	50284	169	27	8	15	7	2	4	18	1	3	3	15	2	0	0	1	1	0	1	1	0
*	3p	+	38	10968	13973	14236	10977	50154	179	30	15	10	7	2	0	8	2	7	3	19	0	0	2	0	1	2	1	0	0
*	3p	+	39	10801	13982	14010	11220	50013	193	31	8	16	4	1	2	6	2	4	4	20	0	2	3	1	0	0	2	4	0
*	3p	+	40	11532	13494	13836	11012	49874	159	24	3	10	2	4	3	7	3	5	4	20	1	0	0	3	1	1	0	1	0
*	3p	+	41	10797	13819	14546	10567	49729	164	24	8	23	2	2	1	11	0	7	4	21	1	1	2	4	0	0	1	0	0
*	3p	+	42	10786	13937	13706	11143	49572	154	25	11	11	7	3	2	5	9	5	3	17	0	2	2	2	0	0	1	0	0
*	3p	+	43	11235	13337	13684	11137	49393	146	32	7	13	6	1	2	4	2	3	1	23	0	0	1	3	0	0	0	1	0
*	3p	+	44	10935	13436	14076	10705	49152	130	40	6	10	1	2	2	11	3	1	4	29	3	1	1	4	0	1	0	1	0
*	3p	+	45	10758	13650	13436	11103	48947	128	25	11	16	6	2	5	7	7	3	4	18	2	0	3	3	0	1	0	1	0
*	3p	+	46	10947	13260	13581	10942	48730	154	25	8	8	7	2	1	9	3	3	5	16	0	1	1	0	1	0	0	0	0
*	3p	+	47	10608	13474	13729	10644	48455	147	15	10	17	1	5	2	10	5	1	3	17	2	2	2	3	0	2	0	0	0
*	3p	+	48	10558	13443	13365	10824	48190	115	21	9	10	1	4	4	3	1	2	4	13	0	0	2	4	0	0	2	1	0
*	3p	+	49	10860	13135	13072	10854	47921	113	43	7	11	4	2	3	4	3	4	5	14	0	1	4	0	2	1	2	0	0
*	3p	+	50	10373	13344	13432	10485	47634	116	20	9	11	4	2	7	4	2	2	5	20	1	1	0	4	0	1	0	0	0
*	3p	+	51	10130	13272	13234	10701	47337	128	25	10	13	2	0	5	7	8	4	3	21	2	1	0	1	0	0	0	0	0
*	3p	+	52	10713	12678	12960	10687	47038	93	26	10	11	5	3	1	5	5	3	3	25	0	0	1	1	0	0	0	1	0
*	3p	+	53	10208	12926	13236	10349	46719	112	31	12	8	5	0	2	9	4	4	1	19	0	2	2	5	0	1	0	0	0
*	3p	+	54	10040	13016	12721	10598	46375	115	24	10	5	2	4	6	7	3	5	6	21	0	2	0	3	0	0	2	0	0
*	3p	+	55	10309	12627	12757	10372	46065	92	29	3	11	1	2	1	6	3	1	4	23	0	0	2	0	0	1	2	0	0
*	3p	+	56	10036	12643	12816	10238	45733	88	37	8	13	5	1	1	4	2	4	0	15	1	0	1	0	0	2	0	1	0
*	3p	+	57	9980	12787	12360	10207	45334	84	25	5	17	3	1	4	3	1	2	0	16	0	0	2	2	0	1	0	2	0
*	3p	+	58	10135	12059	12549	10194	44937	104	28	10	11	6	3	4	3	5	4	2	21	0	0	2	3	0	0	0	2	0
*	3p	+	59	9851	12354	12543	9798	44546	82	19	9	20	2	1	1	4	0	2	1	21	2	0	0	0	0	0	0	0	0
*	3p	+	60	9523	12447	12224	9988	44182	87	31	5	7	5	2	3	10	1	2	3	15	1	1	1	0	0	0	0	0	0
*	3p	+	61	9980	11720	12101	9965	43766	90	22	4	9	4	2	2	7	3	3	2	26	1	2	1	0	0	0	1	0	0
*	3p	+	62	9432	12273	12255	9417	43377	80	25	7	14	3	1	4	4	3	0	1	16	1	0	0	2	0	1	0	0	0
*	3p	+	63	9144	12239	11783	9778	42944	76	24	7	7	2	4	4	9	5	1	2	19	1	1	0	2	0	2	0	0	0
*	3p	+	64	9643	11433	11690	9718	42484	69	20	8	13	3	3	2	6	3	2	7	18	1	0	2	1	1	1	1	0	0
*	3p	+	65	9289	11708	11883	9150	42030	83	21	8	11	3	1	2	5	3	3	2	19	1	0	1	0	1	1	0	1	0
*	3p	+	66	8976	11701	11486	9375	41538	74	24	4	13	3	2	2	6	3	1	4	9	0	0	2	1	2	0	2	2	0
*	3p	+	67	9301	11132	11219	9396	41048	79	34	10	13	3	1	0	4	2	2	2	11	0	0	3	1	2	1	2	1	0
*	3p	+	68	8789	11365	11587	8830	40571	71	24	7	11	3	0	1	5	4	3	5	16	4	0	3	1	0	1	0	0	0
*	3p	+	69	8494	11399	11005	9120	40018	59	22	9	6	5	1	2	3	3	2	3	15	0	1	1	3	0	0	0	0	0
*	3p	+	70	8846	10810	10866	8971	39493	67	27	3	9	4	1	1	8	6	0	1	10	0	1	0	1	0	1	0	0	0
*	3p	-	1	15021	9305	16812	9563	50701	3076	11	14	25	12	8	11	19	8	12	14	6	0	0	0	0	0	0	0	0	0
*	3p	-	2	12741	12898	13903	11159	50701	1463	22	20	19	10	6	10	11	10	10	7	12	0	0	0	0	0	0	0	0	0
*	3p	-	3	11607	13942	13714	11437	50700	840	15	10	16	6	3	5	34	5	10	9	15	0	0	0	0	0	0	1	0	0
*	3p	-	4	11936	13304	14362	11099	50701	543	11	11	18	7	8	4	16	5	7	9	31	0	0	0	0	0	0	0	0	0
*	3p	-	5	11290	14351	14109	10947	50697	423	11	11	17	4	3	5	22	7	8	11	17	0	0	0	0	0	1	1	2	0
*	3p	-	6	10519	14027	14987	11166	50699	341	22	11	22	6	3	12	24	4	24	8	16	0	1	0	2	0	0	2	0	0
*	3p	-	7	11434	13850	14496	10918	50698	283	19	7	12	11	6	7	20	5	31	6	21	0	0	0	0	1	0	1	1	0
*	3p	-	8	11061	13745	15140	10753	50699	259	16	14	17	5	2	5	23	5	27	5	10	0	2	3	2	0	0	1	1	0
*	3p	-	9	10951	14326	14659	10761	50697	224	14	14	19	7	3	3	24	6	30	7	11	1	2	3	1	1	1	1	1	0
*	3p	-	10	11251	13835	14606	11005	50697	236	16	5	18	4	3	7	19	2	26	5	14	0	2	2	3	0	0	2	2	0
*	3p	-	11	11168	14011	15005	10512	50696	197	13	9	15	7	4	1	13	4	29	6	11	0	1	6	3	0	1	3	1	0
*	3p	-	12	10912	14150	14298	11335	50695	220	23	6	17	5	4	3	18	4	27	4	13	0	3	5	5	3	0	1	2	0
*	3p	-	13	11605	13667	14198	11225	50695	182	17	7	9	5	2	3	12	6	23	2	18	3	1	5	3	3	2	0	1	0
*	3p	-	14	11295	14050	14695	10655	50695	224	17	12	15	3	2	0	16	5	25	5	12	1	1	2	3	1	1	2	2	0
*	3p	-	15	11085	14160	14479	10975	50699	257	11	6	7	3	1	8	18	2	6	3	14	0	1	1	4	0	1	1	0	0
*	3p	-	16	11639	13561	14361	11137	50698	245	19	13	17	6	3	2	10	6	8	5	25	0	2	0	3	1	0	0	2	0
*	3p	-	17	11260	13916	14648	10876	50700	249	13	12	14	4	3	1	15	5	7	3	13	2	0	1	4	1	0	0	0	0
*	3p	-	18	11158	14170	14360	11010	50698	245	22	8	11	3	3	0	23	1	11	5	17	1	4	2	5	2	0	0	1	0
*	3p	-	19	11442	13583	14429	11244	50698	264	19	7	10	4	2	5	15	6	7	3	18	0	1	0	0	1	1	1	0	0
*	3p	-	20	11228	14007	14633	10828	50696	265	10	6	14	3	2	4	6	3	10	3	21	1	0	3	1	0	2	1	2	0
*	3p	-	21	11048	14087	14253	11307	50695	282	12	8	17	5	3	2	20	3	9	3	10	1	1	1	1	3	1	1	1	0
*	3p	-	22	11410	13793	14200	11296	50699	274	17	6	13	5	6	3	11	4	8	2	15	1	0	1	3	1	0	0	1	0
*	3p	-	23	11204	14056	14551	10889	50700	248	27	11	18	4	3	7	16	6	4	3	13	0	3	2	3	0	0	1	0	0
*	3p	-	24	11173	14008	14502	11016	50699	233	15	12	19	6	0	4	15	3	3	6	11	1	0	2	3	1	0	1	0	0
*	3p	-	25	11664	13718	14031	11287	50700	243	12	9	11	4	4	7	10	4	6	3	13	4	0	1	3	1	0	0	0	0
*	3p	-	26	11369	13898	14512	10919	50698	221	22	13	8	6	1	4	10	4	5	2	13	1	1	1	6	1	1	0	1	0
*	3p	-	27	11139	14113	14211	11232	50695	241	18	8	17	5	2	2	9	4	5	4	23	1	0	0	1	0	4	1	1	0
*	3p	-	28	11499	13700	14104	11398	50701	245	14	11	13	7	2	2	15	4	8	3	23	0	0	2	2	0	0	0	0	0
*	3p	-	29	11277	14102	14554	10768	50701	222	29	10	9	4	5	3	16	3	7	3	24	0	0	1	2	0	0	0	0	0
*	3p	-	30	11093	14276	14301	11027	50697	212	17	10	10	1	3	3	14	4	4	6	22	0	1	0	1	2	1	0	1	0
*	3p	-	31	11534	13659	14113	11387	50693	216	30	9	16	4	0	1	10	2	8	5	14	1	0	0	1	0	0	1	1	0
*	3p	-	32	11281	13989	14348	11067	50685	230	25	8	12	3	1	5	6	3	4	3	16	0	0	1	3	2	2	0	0	0
*	3p	-	33	11075	14273	13955	11371	50674	205	18	11	3	3	1	3	8	3	8	4	9	0	1	2	2	0	0	1	0	0
*	3p	-	34	11547	13783	14020	11314	50664	195	28	8	12	2	0	4	11	3	5	4	20	1	0	2	1	1	1	0	1	0
*	3p	-	35	11156	14061	14456	10978	50651	189	34	7	10	8	4	3	15	7	5	3	23	0	1	1	3	1	0	1	1	0
*	3p	-	36	10963	14262	13956	11382	50563	175	24	5	13	1	2	5	12	1	8	3	15	0	1	1	1	0	1	0	1	0
*	3p	-	37	11615	13527	14022	11294	50458	177	27	9	11	3	0	2	14	5	2	1	24	1	0	1	1	0	0	1	1	0
*	3p	-	38	11135	13948	14428	10830	50341	188	25	9	14	6	1	4	8	3	4	1	14	1	3	1	3	1	0	0	1	0
*	3p	-	39	10924	14128	13988	11174	50214	155	27	14	14	3	0	5	4	2	6	1	25	0	1	1	1	0	0	0	0	0
*	3p	-	40	11400	13545	14079	11047	50071	169	28	7	14	1	2	3	9	1	3	4	22	0	1	5	2	0	0	0	0	0
*	3p	-	41	11227	13769	14320	10617	49933	155	23	7	20	3	2	3	5	4	4	4	15	0	1	4	4	0	1	0	1	0
*	3p	-	42	10888	13973	13775	11122	49758	165	20	6	14	5	3	2	5	4	5	2	28	2	3	0	1	2	1	0	1	0
*	3p	-	43	11199	13427	13818	11105	49549	153	31	10	18	3	2	4	10	3	8	3	22	2	3	0	4	0	0	1	1	0
*	3p	-	44	10998	13562	14078	10703	49341	162	33	11	17	1	2	3	6	4	1	2	19	1	3	5	2	0	0	1	0	0
*	3p	-	45	10694	13923	13411	11084	49112	157	39	8	15	3	1	5	4	3	5	4	9	0	1	2	2	0	0	0	0	0
*	3p	-	46	11193	13312	13351	11057	48913	127	28	9	14	1	3	1	10	4	1	4	19	2	2	1	5	0	2	0	0	0
*	3p	-	47	10823	13562	13691	10614	48690	152	24	16	10	4	2	0	8	4	2	1	17	1	0	2	6	0	0	0	0	0
*	3p	-	48	10412	13639	13179	11215	48445	119	31	5	10	3	1	3	8	6	5	2	18	1	1	1	0	1	0	0	0	0
*	3p	-	49	11088	12986	13206	10906	48186	136	19	11	15	2	2	2	6	2	3	3	21	2	0	1	1	0	0	0	0	0
*	3p	-	50	10492	13355	13543	10482	47872	119	30	10	15	1	2	1	6	3	4	5	12	1	1	0	0	0	1	0	1	0
*	3p	-	51	10262	13540	13049	10738	47589	111	23	13	13	4	1	3	8	2	4	2	19	0	0	1	2	0	0	1	0	0
*	3p	-	52	10543	13031	13017	10675	47266	121	27	10	11	2	2	0	8	2	1	4	12	0	1	3	2	0	0	1	0	0
*	3p	-	53	10280	13080	13262	10341	46963	101	22	12	12	1	3	3	5	7	5	4	17	0	1	2	6	0	1	1	1	0
*	3p	-	54	10079	13308	12660	10582	46629	86	32	6	13	3	2	0	7	4	4	4	22	4	1	2	2	1	0	1	0	0
*	3p	-	55	10447	12395	12796	10653	46291	104	16	8	14	4	2	4	4	2	6	4	27	4	1	1	2	0	1	2	1	0
*	3p	-	56	10122	12946	12792	10079	45939	105	34	1	13	4	2	2	6	4	2	3	18	0	2	1	1	0	2	0	2	0
*	3p	-	57	10102	12693	12615	10176	45586	101	24	9	9	3	2	2	2	1	4	6	30	2	1	0	2	1	0	3	0	0
*	3p	-	58	10196	12267	12335	10419	45217	87	35	14	18	2	0	4	6	1	3	2	17	0	2	2	2	0	2	0	0	0
*	3p	-	59	9877	12489	12490	9945	44801	81	33	9	9	4	1	0	5	7	1	2	19	0	0	1	3	0	0	2	0	0
*	3p	-	60	9586	12498	12368	9955	44407	94	32	8	8	5	0	3	3	3	0	5	17	0	0	0	4	0	1	1	0	0
*	3p	-	61	9938	12196	12132	9758	44024	89	31	5	15	3	2	1	2	2	6	5	20	2	0	3	2	0	1	0	0	0
*	3p	-	62	9475	12044	12472	9605	43596	79	31	12	12	5	0	0	6	1	4	1	17	0	0	0	3	2	0	0	0	0
*	3p	-	63	9253	12263	11907	9765	43188	88	26	7	8	2	2	2	2	8	1	1	11	1	1	2	3	0	0	0	1	0
*	3p	-	64	9648	11717	11788	9579	42732	84	29	5	5	3	1	1	6	3	2	2	17	0	0	0	3	0	0	1	2	0
*	3p	-	65	9397	11901	11744	9244	42286	76	18	9	12	4	1	1	9	1	1	3	12	0	2	2	3	0	0	0	1	0
*	3p	-	66	9070	11790	11648	9314	41822	71	27	3	13	6	1	2	6	2	1	7	19	1	4	1	4	0	0	1	0	0
*	3p	-	67	9448	11362	11142	9373	41325	49	27	9	11	2	0	1	6	2	3	3	23	0	0	0	1	0	0	0	0	0
*	3p	-	68	9072	11546	11496	8740	40854	57	22	9	7	3	1	3	0	2	0	2	18	1	0	0	2	0	0	1	0	0
*	3p	-	69	8760	11561	10932	9051	40304	66	26	13	11	3	1	1	2	2	0	2	15	0	1	3	0	1	0	1	1	0
*	3p	-	70	9006	10936	10864	8969	39775	58	24	4	11	1	4	2	6	3	2	1	29	0	0	0	1	0	0	1	0	0
*	5p	+	1	10309	14050	9673	16499	50531	16	33	12	12	8	10	3	5	5	6	8	14	0	0	0	0	0	0	0	0	0
*	5p	+	2	11392	12943	12693	13503	50531	14	161	6	15	7	2	5	6	7	5	3	16	0	0	0	0	0	0	0	0	0
*	5p	+	3	11950	12766	13926	11889	50531	9	77	14	9	4	4	3	4	1	5	6	18	0	0	0	0	0	0	0	0	0
*	5p	+	4	11309	13674	13452	12095	50530	11	90	10	16	3	3	7	4	4	2	5	22	0	0	0	0	1	0	0	0	0
*	5p	+	5	10965	13989	14551	11021	50526	11	49	13	13	3	3	3	3	2	1	4	35	0	0	0	0	2	0	2	1	0
*	5p	+	6	11151	14759	14083	10532	50525	8	44	12	12	5	1	6	0	6	2	6	19	0	0	0	1	2	1	1	2	0
*	5p	+	7	10972	14206	13879	11474	50531	8	32	13	12	2	2	3	3	1	1	3	21	0	0	2	1	0	0	0	0	0
*	5p	+	8	10480	15194	13911	10943	50528	11	33	8	13	2	0	2	3	5	1	0	21	0	0	0	0	0	0	1	2	0
*	5p	+	9	10840	14398	14539	10752	50529	6	26	12	14	5	1	4	4	2	1	2	24	2	1	1	2	1	0	0	1	0
*	5p	+	10	11083	14277	14018	11152	50530	6	22	12	8	2	2	2	6	3	3	3	29	2	1	0	0	0	0	0	1	0
*	5p	+	11	10426	14798	14254	11050	50528	5	26	9	14	1	1	5	2	6	2	7	29	1	1	0	1	0	0	1	2	0
*	5p	+	12	11275	14081	14230	10944	50530	8	37	9	16	5	2	2	6	0	1	3	27	0	0	2	2	0	0	0	1	0
*	5p	+	13	11033	14271	13590	11636	50530	4	31	4	10	1	3	1	5	3	1	1	24	1	0	0	1	0	0	0	1	0
*	5p	+	14	10575	14598	14061	11296	50530	9	28	7	11	3	2	5	6	3	0	3	30	0	1	1	1	0	0	1	0	0
*	5p	+	15	11110	14184	14426	10809	50529	7	31	12	13	2	2	3	5	5	0	1	18	2	0	0	0	0	1	0	1	0
*	5p	+	16	11133	14164	13572	11661	50530	8	32	7	19	4	1	0	4	0	1	2	18	3	1	0	0	0	0	0	1	0
*	5p	+	17	10684	14373	14281	11191	50529	22	32	10	14	7	1	3	1	1	2	2	25	0	0	1	2	0	2	0	0	0
*	5p	+	18	11022	14193	14432	10883	50530	40	32	8	8	1	2	2	5	5	3	5	27	0	0	3	3	0	1	0	0	0
*	5p	+	19	11026	14149	13893	11458	50526	48	30	9	14	5	1	2	1	2	3	3	24	0	1	1	1	2	0	3	0	0
*	5p	+	20	10809	14749	13938	11030	50526	65	34	9	11	6	5	0	5	1	2	0	23	1	1	0	0	2	1	2	0	0
*	5p	+	21	11180	13890	14561	10897	50528	87	27	5	12	2	2	6	2	2	3	1	28	0	1	0	0	0	1	0	2	0
*	5p	+	22	11273	13872	13819	11565	50529	67	44	8	10	3	1	0	5	2	2	0	23	1	1	0	0	0	0	1	1	0
*	5p	+	23	10784	14358	14069	11316	50527	78	26	10	15	3	0	1	3	1	3	4	16	0	0	0	0	1	0	3	0	0
*	5p	+	24	11271	13955	14356	10945	50527	107	24	9	6	5	3	2	9	1	1	1	21	1	1	0	5	1	2	0	1	0
*	5p	+	25	11150	13801	13924	11649	50524	125	32	10	8	2	1	2	5	2	1	4	14	1	0	2	0	0	2	3	2	0
*	5p	+	26	10592	14536	14199	11197	50524	103	37	6	14	7	5	2	3	1	3	0	15	2	0	0	0	1	2	1	3	0
*	5p	+	27	11176	13889	14559	10901	50525	129	28	13	10	6	2	2	7	5	3	2	17	0	0	0	0	0	1	3	2	0
*	5p	+	28	11089	14048	13805	11588	50530	128	25	13	12	4	1	2	6	3	2	3	24	0	1	1	2	0	0	0	1	0
*	5p	+	29	10682	14553	14221	11074	50530	148	31	7	13	1	0	4	5	7	3	5	20	0	0	2	3	1	0	0	0	0
*	5p	+	30	11147	13952	14479	10952	50530	128	36	9	13	7	0	3	6	5	4	4	8	2	1	2	2	0	0	0	1	0
*	5p	+	31	11352	13746	13891	11529	50518	118	27	9	11	5	0	2	12	9	2	6	27	1	1	1	1	0	2	0	1	0
*	5p	+	32	10737	14307	14145	11319	50508	130	34	9	14	6	3	2	4	3	5	5	30	1	0	2	1	1	1	2	2	0
*	5p	+	33	11191	13866	14491	10954	50502	134	25	4	15	9	1	2	6	2	3	8	21	2	1	4	2	1	0	1	0	0
*	5p	+	34	11366	13899	13772	11454	50491	146	29	8	20	4	1	3	6	4	5	4	27	1	2	3	3	1	1	0	1	0
*	5p	+	35	10708	14404	14290	11078	50480	169	34	11	17	6	7	7	8	6	3	3	30	0	0	2	2	0	0	0	0	0
*	5p	+	36	11234	13725	14415	11016	50390	157	34	11	17	3	1	1	3	1	2	5	27	1	1	0	0	1	1	2	2	0
*	5p	+	37	11141	13673	13850	11621	50285	186	28	13	15	4	3	5	6	4	3	2	20	0	1	1	0	1	0	0	1	0
*	5p	+	38	10726	14236	14042	11154	50158	156	23	4	13	5	3	6	3	3	1	0	21	0	0	2	0	0	0	0	0	0
*	5p	+	39	11324	13618	14248	10829	50019	194	43	13	24	13	6	5	16	5	9	5	29	1	0	1	2	0	0	0	0	0
*	5p	+	40	11061	13607	13689	11515	49872	192	26	10	9	3	2	2	7	6	4	3	18	0	0	2	2	2	1	2	0	0
*	5p	+	41	10538	14124	14105	10961	49728	211	38	6	16	4	4	5	6	7	0	2	14	0	0	3	3	0	1	1	0	0
*	5p	+	42	11055	13581	14164	10770	49570	196	24	9	8	5	0	3	5	6	2	4	17	0	0	3	3	1	0	1	1	0
*	5p	+	43	11062	13604	13417	11310	49393	176	38	11	15	3	3	2	13	6	6	6	27	1	1	3	1	0	0	0	1	0
*	5p	+	44	10628	13892	13722	10908	49150	181	33	9	14	4	4	1	6	3	6	2	23	1	1	1	3	2	1	0	1	0
*	5p	+	45	10967	13420	13964	10595	48946	211	28	14	15	3	1	2	12	2	3	3	24	1	1	1	1	2	1	0	0	0
*	5p	+	46	11121	13188	13269	11151	48729	177	26	8	21	5	3	4	13	3	7	3	19	2	3	4	1	0	1	0	1	0
*	5p	+	47	10403	13515	13794	10739	48451	206	29	6	11	1	1	3	2	3	4	2	20	1	0	3	1	0	3	1	2	0
*	5p	+	48	10806	13147	13771	10468	48192	210	30	8	14	1	1	8	8	4	2	6	16	2	0	2	2	0	1	0	0	0
*	5p	+	49	10815	13074	13163	10873	47925	212	20	10	11	6	1	3	8	2	5	6	18	0	1	0	2	0	0	1	0	0
*	5p	+	50	10408	13490	13196	10535	47629	210	27	5	27	4	1	3	13	4	5	4	13	0	0	2	1	3	0	0	3	0
*	5p	+	51	10754	12763	13597	10221	47335	215	18	10	11	5	1	7	10	5	5	3	20	0	0	0	0	1	0	0	1	0
*	5p	+	52	10556	12708	12900	10872	47036	184	21	6	16	3	2	3	8	1	12	4	16	0	1	1	1	1	0	2	0	0
*	5p	+	53	10111	13102	13120	10385	46718	227	22	11	14	7	2	1	9	4	8	2	18	1	1	2	2	0	0	1	1	0
*	5p	+	54	10614	12462	13335	9961	46372	193	17	9	18	5	3	5	8	4	4	3	13	1	2	2	4	0	1	2	2	0
*	5p	+	55	10470	12436	12585	10576	46067	227	25	7	16	3	2	3	8	4	8	4	21	0	3	2	0	0	0	0	1	0
*	5p	+	56	10025	12717	12914	10079	45735	221	22	9	12	2	1	0	13	1	4	6	18	0	0	2	2	0	0	1	0	0
*	5p	+	57	10386	12175	12871	9905	45337	207	19	6	6	7	1	6	11	1	5	6	17	1	0	1	0	0	0	0	0	0
*	5p	+	58	10254	12106	12321	10258	44939	219	10	6	13	3	3	5	4	1	10	2	22	0	0	3	3	0	0	0	0	0
*	5p	+	59	9463	12666	12399	10016	44544	202	29	8	10	6	2	2	12	4	7	2	22	0	2	3	3	0	0	1	1	0
*	5p	+	60	9712	12122	12823	9523	44180	201	18	5	7	7	0	4	11	0	3	2	23	1	1	4	2	0	0	0	2	0
*	5p	+	61	9822	12014	12102	9823	43761	187	21	4	5	1	1	3	6	5	6	1	16	0	1	2	2	2	1	1	1	0
*	5p	+	62	9199	12166	12235	9775	43375	202	18	12	12	0	1	0	5	5	8	4	19	0	1	2	1	1	1	0	1	0
*	5p	+	63	9462	11688	12536	9259	42945	244	18	10	11	2	3	3	7	4	6	4	14	2	1	3	2	0	0	1	0	0
*	5p	+	64	9776	11492	11666	9550	42484	221	22	4	11	4	4	4	15	2	5	5	12	1	1	0	1	0	0	1	1	0
*	5p	+	65	9150	11741	11765	9377	42033	240	24	8	11	3	3	9	8	3	6	4	24	0	0	1	2	0	0	0	0	0
*	5p	+	66	9352	11275	11990	8923	41540	194	16	14	8	5	4	2	12	4	7	3	11	0	1	0	4	0	3	0	1	0
*	5p	+	67	9466	11126	11251	9206	41049	195	13	4	13	2	3	1	9	1	9	5	8	0	1	0	1	1	3	0	1	0
*	5p	+	68	8742	11298	11592	8935	40567	210	15	6	7	1	3	2	7	2	5	2	17	2	0	0	1	1	1	2	1	0
*	5p	+	69	9185	10678	11563	8586	40012	212	24	9	14	3	0	1	13	2	7	1	17	3	2	0	1	1	0	3	2	0
*	5p	+	70	9024	10562	10942	8963	39491	200	17	7	8	5	2	0	7	3	9	1	18	0	2	1	2	0	2	1	0	0
*	5p	-	1	10409	14194	9233	16865	50701	6	35	4	17	3	6	1	7	4	1	2	16	0	0	0	0	0	0	0	0	0
*	5p	-	2	11486	12792	12677	13746	50701	18	181	10	9	1	2	3	3	8	4	3	24	0	0	0	0	0	0	0	0	0
*	5p	-	3	11960	12669	14043	12029	50701	12	84	12	15	3	3	3	4	4	2	4	19	0	0	0	0	0	0	0	0	0
*	5p	-	4	11681	13790	13352	11878	50701	6	65	14	10	3	2	5	4	2	5	3	15	0	0	0	0	0	0	0	0	0
*	5p	-	5	10987	14027	14509	11178	50701	6	65	6	15	3	1	4	2	7	1	6	31	0	0	0	0	0	0	0	0	0
*	5p	-	6	11339	14754	14174	10434	50701	6	51	10	15	2	3	6	2	1	2	4	18	0	0	0	1	0	0	0	0	0
*	5p	-	7	11118	14015	13859	11709	50701	13	39	6	13	6	2	4	5	3	1	1	25	0	0	0	1	0	0	0	0	0
*	5p	-	8	10607	15401	13737	10954	50699	10	25	10	12	3	1	2	10	6	1	4	18	0	0	0	0	0	1	1	0	0
*	5p	-	9	10848	14526	14545	10781	50700	10	29	8	11	4	2	3	2	1	1	5	21	0	1	0	0	0	1	0	0	0
*	5p	-	10	11154	14518	13732	11296	50700	10	40	8	4	1	0	2	3	6	1	6	19	0	1	0	3	0	1	0	0	0
*	5p	-	11	10755	14956	13756	11232	50699	12	24	13	10	5	3	3	2	5	4	1	15	2	0	2	1	0	0	0	2	0
*	5p	-	12	11243	14380	14227	10848	50698	6	30	11	16	7	3	6	4	4	2	3	31	1	1	2	0	0	1	2	0	0
*	5p	-	13	11201	14156	13731	11611	50699	6	24	11	21	3	0	3	2	7	2	2	27	1	0	0	1	0	1	0	1	0
*	5p	-	14	10677	14746	13999	11276	50698	9	22	13	16	1	1	2	8	3	2	4	25	1	1	0	2	0	0	2	0	0
*	5p	-	15	11135	14414	14288	10861	50698	10	29	12	11	3	1	1	5	4	5	3	20	1	0	0	2	0	0	2	1	0
*	5p	-	16	11234	14077	13825	11561	50697	10	31	5	11	1	3	4	4	1	0	6	20	1	0	0	2	0	2	2	0	0
*	5p	-	17	10675	14775	14105	11141	50696	27	18	8	7	1	4	6	1	4	0	2	21	0	0	0	1	1	3	0	1	0
*	5p	-	18	10995	14406	14437	10860	50698	31	28	19	9	4	0	6	7	4	3	2	16	0	0	0	2	1	0	2	0	0
*	5p	-	19	11384	14107	13761	11446	50698	39	39	12	7	2	3	4	4	2	3	3	26	0	1	0	1	2	1	0	0	0
*	5p	-	20	10834	14438	14189	11237	50698	54	37	9	16	6	3	2	8	2	0	4	17	0	1	0	2	2	0	0	1	0
*	5p	-	21	11300	14063	14424	10912	50699	74	48	14	11	6	0	1	3	3	2	4	21	0	0	0	0	1	0	0	0	0
*	5p	-	22	11457	13928	13706	11606	50697	96	29	13	13	1	0	3	1	0	3	3	21	1	0	1	0	1	1	1	1	0
*	5p	-	23	10850	14530	13868	11451	50699	75	36	10	16	1	2	3	4	1	6	4	17	0	1	0	1	0	2	0	0	0
*	5p	-	24	11344	14210	14263	10881	50698	109	23	11	7	0	0	4	1	5	2	1	19	0	3	0	2	1	0	1	0	0
*	5p	-	25	11292	14052	13839	11518	50701	96	21	14	18	4	1	2	4	6	1	4	19	0	1	2	3	0	0	0	0	0
*	5p	-	26	10785	14452	14144	11318	50699	124	39	8	18	1	3	3	4	6	2	5	15	1	1	0	1	2	0	0	0	0
*	5p	-	27	11226	14110	14444	10918	50698	108	19	12	18	2	2	1	6	5	1	2	16	0	0	0	4	2	1	0	0	0
*	5p	-	28	11275	14004	13801	11618	50698	107	23	8	18	5	1	3	5	4	4	6	29	1	1	1	2	1	1	0	1	0
*	5p	-	29	10838	14541	14002	11316	50697	123	31	8	19	5	3	2	8	3	4	3	14	0	2	1	1	1	1	2	0	0
*	5p	-	30	11173	13941	14601	10984	50699	128	24	10	10	3	3	2	2	3	2	3	27	1	0	0	2	0	0	2	0	0
*	5p	-	31	11411	14020	13752	11510	50693	110	32	6	14	3	0	2	6	3	1	2	19	1	1	0	1	0	0	1	1	0
*	5p	-	32	10960	14383	14079	11264	50686	147	21	14	14	5	3	2	7	2	2	4	17	1	3	0	1	0	0	2	1	0
*	5p	-	33	11235	13807	14579	11050	50671	132	22	9	17	4	0	3	4	2	3	1	20	1	3	0	2	2	0	1	1	0
*	5p	-	34	11484	13855	13747	11578	50664	141	27	7	16	7	2	1	3	4	4	8	21	2	1	0	1	1	0	1	1	0
*	5p	-	35	10923	14481	14124	11124	50652	149	26	10	13	6	4	2	3	5	10	6	20	0	0	1	4	1	0	1	0	0
*	5p	-	36	11412	13869	14370	10913	50564	172	31	4	6	5	7	2	5	5	6	4	29	0	0	3	0	0	1	0	0	0
*	5p	-	37	11399	13770	13644	11643	50456	167	19	8	19	8	0	2	10	6	2	3	18	1	0	0	0	0	0	2	2	0
*	5p	-	38	10871	14239	14201	11031	50342	168	29	8	15	5	0	5	10	2	4	3	13	0	1	3	2	0	0	0	1	0
*	5p	-	39	11281	13885	14359	10687	50212	172	31	13	19	11	5	5	22	6	11	13	32	2	2	3	3	1	0	0	1	0
*	5p	-	40	11307	13721	13647	11393	50068	176	29	11	12	7	2	5	4	6	3	7	17	2	0	0	1	1	0	1	1	0
*	5p	-	41	10609	14217	14007	11099	49932	158	30	14	6	2	2	1	5	3	5	2	23	1	0	3	2	0	2	1	0	0
*	5p	-	42	11243	13695	14171	10653	49762	205	30	8	11	2	1	2	9	2	4	4	22	0	2	0	2	0	1	0	0	0
*	5p	-	43	11140	13671	13539	11199	49549	175	30	7	11	4	1	2	10	3	6	3	16	0	0	2	2	1	1	0	0	0
*	5p	-	44	10580	13938	13898	10926	49342	179	29	9	7	5	1	2	5	3	4	0	19	1	1	1	2	0	0	0	0	0
*	5p	-	45	11098	13274	14128	10612	49112	201	14	8	16	5	4	1	7	2	3	2	19	0	0	1	3	0	0	1	0	0
*	5p	-	46	11028	13189	13360	11338	48915	211	30	8	17	6	0	2	16	0	6	4	17	2	1	3	3	0	0	0	0	0
*	5p	-	47	10572	13594	13631	10890	48687	200	21	14	13	2	4	3	10	3	3	5	24	0	0	3	2	0	0	0	3	0
*	5p	-	48	10937	13334	13825	10348	48444	239	24	9	10	3	3	2	8	7	5	4	18	3	1	2	2	0	1	1	0	0
*	5p	-	49	10997	13026	13139	11022	48184	181	37	11	8	2	3	4	6	4	3	7	14	0	1	1	3	0	0	0	2	0
*	5p	-	50	10298	13449	13537	10586	47870	217	34	7	10	5	3	2	18	4	5	3	14	1	0	2	3	0	0	3	1	0
*	5p	-	51	10706	13011	13596	10272	47585	213	19	9	16	2	1	4	8	1	5	4	20	2	0	1	3	1	1	1	2	0
*	5p	-	52	10791	12841	12730	10903	47265	188	22	12	18	4	2	3	5	4	8	6	12	1	1	1	3	0	0	1	1	0
*	5p	-	53	10216	13232	12968	10548	46964	233	23	13	18	3	1	2	6	4	7	5	14	1	0	1	2	0	0	2	0	0
*	5p	-	54	10522	12623	13378	10106	46629	225	27	10	11	13	0	3	8	4	8	4	27	2	1	1	2	0	1	1	0	0
*	5p	-	55	10442	12748	12724	10381	46295	208	24	8	15	1	1	6	7	4	9	5	21	0	2	2	2	0	0	0	0	0
*	5p	-	56	9953	12854	12884	10250	45941	233	27	9	8	5	3	2	11	5	8	3	15	1	1	2	4	0	0	1	1	0
*	5p	-	57	10183	12315	13282	9807	45587	214	21	14	13	1	2	3	11	3	5	0	20	0	2	1	1	0	2	1	0	0
*	5p	-	58	10230	12340	12320	10326	45216	198	18	7	8	0	1	2	3	5	3	1	18	0	0	4	5	1	2	0	0	0
*	5p	-	59	9700	12472	12572	10055	44799	214	17	6	10	5	2	3	7	5	4	4	14	1	0	2	4	1	0	2	1	0
*	5p	-	60	9958	11950	12804	9694	44406	205	22	9	10	3	1	5	6	1	6	4	14	0	1	3	2	1	0	2	0	0
*	5p	-	61	10044	11982	12054	9945	44025	216	14	8	12	1	3	1	6	2	7	1	27	2	0	2	3	0	0	0	0	0
*	5p	-	62	9349	12331	12359	9558	43597	206	22	10	10	5	0	0	11	2	3	2	17	1	1	2	3	0	0	1	0	0
*	5p	-	63	9625	11724	12592	9245	43186	227	25	6	6	2	1	4	9	6	2	6	17	1	1	0	6	2	0	0	1	0
*	5p	-	64	9718	11643	11571	9801	42733	206	23	6	16	4	1	3	15	7	6	5	16	0	0	2	7	0	0	0	2	0
*	5p	-	65	9216	11850	11951	9266	42283	188	13	4	10	5	2	2	12	4	7	4	14	0	0	0	5	1	1	1	1	0
*	5p	-	66	9537	11380	11980	8925	41822	208	23	7	10	1	0	2	11	2	6	2	13	0	1	2	3	0	0	1	0	0
*	5p	-	67	9393	11333	11372	9224	41322	196	21	8	13	1	2	3	14	4	7	3	11	0	0	3	3	1	1	1	0	0
*	5p	-	68	9025	11509	11550	8769	40853	205	19	7	14	1	2	3	8	4	11	3	17	0	1	1	2	0	0	1	1	0
*	5p	-	69	9088	11085	11449	8682	40304	210	18	11	9	2	1	2	19	1	5	3	15	1	0	2	2	0	1	0	2	0
*	5p	-	70	9048	10846	10973	8907	39774	208	26	12	12	2	1	5	8	2	12	6	10	0	3	1	2	2	0	0	0	0
