# table produced by mapDamage version 2.0.3
# using mapped file tmp3.sam and /home/sam/Scratch/Databases/hg38Poinar/Hardmasked/hg38Hard.fasta as reference file
# Chr: reference from sam/bam header, End: from which termini of DNA sequences, Std: strand of reads
Chr	End	Std	Pos	A	C	G	T	Total	G>A	C>T	A>G	T>C	A>C	A>T	C>G	C>A	T>G	T>A	G>C	G>T	A>-	T>-	C>-	G>-	->A	->T	->C	->G	S
*	3p	+	1	298662	111297	190475	197316	797750	41674	176	225	561	162	139	64	200	86	235	86	80	0	0	0	0	0	0	0	0	5
*	3p	+	2	240459	141643	155092	262088	799282	21386	222	156	462	111	111	56	181	67	165	62	72	0	0	0	0	0	1	1	2	5
*	3p	+	3	243598	141429	164368	251616	801011	14512	175	164	322	107	102	59	208	70	137	50	93	0	0	0	0	1	2	1	5	5
*	3p	+	4	244157	146858	166108	245421	802544	10062	186	200	292	105	82	63	211	75	159	66	168	0	0	0	0	6	7	4	9	3
*	3p	+	5	241843	150472	162293	249156	803764	7920	189	147	263	88	83	93	217	71	362	54	167	0	0	0	0	10	4	9	12	0
*	3p	+	6	236022	152153	163969	252597	804741	6135	188	168	245	76	84	105	244	75	547	62	144	1	0	2	0	27	50	31	36	0
*	3p	+	7	245833	150224	163662	245632	805351	5460	180	163	268	81	87	94	240	57	621	51	152	4	6	4	9	66	66	39	44	0
*	3p	+	8	245087	147534	166227	246926	805774	4578	176	156	249	78	71	69	226	53	578	62	135	7	5	7	4	62	61	34	59	0
*	3p	+	9	247750	149932	164514	243851	806047	4079	186	172	234	100	59	83	287	58	657	61	138	16	22	19	9	46	49	40	50	0
*	3p	+	10	243663	152799	167110	242714	806286	3617	186	175	266	81	62	56	253	56	733	55	121	19	30	28	23	32	41	24	22	0
*	3p	+	11	245979	151648	165311	243499	806437	3555	178	161	217	94	58	61	274	50	790	64	139	12	56	35	22	32	30	8	16	0
*	3p	+	12	244638	152051	164251	245595	806535	3295	183	182	238	75	79	62	251	53	801	44	150	12	58	21	34	25	15	10	7	0
*	3p	+	13	247023	151007	164508	244038	806576	3124	181	185	209	75	61	61	210	68	583	39	150	22	69	42	28	22	17	4	6	0
*	3p	+	14	247311	151463	163181	244663	806618	3015	190	158	202	83	69	57	199	55	506	60	140	17	65	25	28	16	9	6	6	0
*	3p	+	15	247336	151205	164127	243954	806622	3022	165	156	214	87	64	64	184	45	373	40	144	26	52	28	25	14	13	5	7	0
*	3p	+	16	247137	153063	163583	242830	806613	2991	179	180	235	88	66	49	183	63	259	42	134	25	45	17	26	22	21	3	7	0
*	3p	+	17	246241	153002	163495	243884	806622	3198	190	167	231	86	67	53	198	67	237	47	154	24	48	15	17	23	10	5	8	0
*	3p	+	18	245149	153104	163839	244522	806614	3390	173	157	197	82	76	53	175	48	204	39	150	20	34	25	15	25	19	5	5	0
*	3p	+	19	246817	152801	163319	243679	806616	3435	216	147	214	58	56	50	178	47	190	48	130	25	45	14	29	27	20	2	2	0
*	3p	+	20	245562	153497	163831	243732	806622	3462	172	181	232	79	66	63	164	45	216	52	148	22	41	22	22	20	17	3	7	0
*	3p	+	21	246707	152180	164081	243644	806612	3590	182	167	211	73	60	59	145	41	164	43	138	30	28	18	23	26	18	7	7	0
*	3p	+	22	247430	151139	164080	243969	806618	3610	224	148	225	85	60	47	130	65	157	57	144	21	29	14	27	17	27	4	3	0
*	3p	+	23	248445	151498	162522	244143	806608	3479	208	170	219	85	56	63	168	67	172	48	161	14	28	26	21	28	12	13	8	0
*	3p	+	24	248837	151881	162994	242915	806627	3554	196	136	262	83	60	65	151	55	172	52	123	15	38	21	13	25	6	6	5	0
*	3p	+	25	248046	152353	162870	243336	806605	3546	242	161	237	68	69	60	173	45	162	48	174	21	30	16	9	21	29	6	8	0
*	3p	+	26	247517	152289	162215	244604	806625	3389	227	155	241	69	59	57	144	55	167	49	164	32	34	12	25	16	21	4	3	0
*	3p	+	27	247476	153187	162127	243830	806620	3413	267	157	202	65	61	48	144	50	168	35	180	17	33	16	19	18	20	4	7	0
*	3p	+	28	246078	154048	162318	244186	806630	3370	248	141	239	80	74	48	162	44	142	41	185	25	25	13	18	17	14	5	3	0
*	3p	+	29	246791	153605	162523	243693	806612	3281	273	168	227	82	76	62	141	47	136	45	153	29	27	16	18	23	20	11	1	0
*	3p	+	30	246336	153830	163409	243033	806608	3288	246	146	230	77	66	60	127	46	136	49	154	28	31	11	16	22	20	13	5	0
*	3p	+	31	246668	153056	162892	243983	806599	3165	266	157	195	78	61	50	127	53	136	58	163	32	36	16	26	27	23	7	4	0
*	3p	+	32	246642	152816	163200	243936	806594	3078	275	147	257	83	59	57	118	56	119	29	149	27	37	15	16	26	19	7	3	0
*	3p	+	33	247333	152815	162501	243922	806571	3127	258	128	213	62	77	52	126	48	114	53	156	28	25	13	17	26	18	12	4	0
*	3p	+	34	247114	152631	162035	244770	806550	2937	247	150	245	102	58	51	127	48	127	51	181	23	25	15	21	24	20	16	4	0
*	3p	+	35	247321	152616	161487	245113	806537	2952	262	154	244	72	54	57	142	44	121	40	152	21	28	7	15	16	26	7	5	0
*	3p	+	36	246493	153510	160442	245748	806193	2770	317	139	209	86	66	48	136	54	121	44	183	28	31	13	15	30	26	10	8	0
*	3p	+	37	246036	153630	160859	245298	805823	2678	294	156	226	78	74	56	132	59	119	46	175	19	26	9	16	23	28	6	4	0
*	3p	+	38	246328	154592	160223	244252	805395	2656	301	182	263	59	59	54	115	45	126	51	164	26	28	17	14	22	21	6	8	0
*	3p	+	39	245733	154424	160223	244476	804856	2628	305	141	255	76	52	42	104	44	103	56	192	25	24	16	11	22	25	10	5	0
*	3p	+	40	245197	154190	160538	244327	804252	2656	298	131	249	82	59	43	106	48	104	42	171	17	24	23	10	22	24	7	3	0
*	3p	+	41	245500	153664	160799	243561	803524	2401	290	166	219	71	59	52	96	49	117	53	163	23	26	21	14	28	23	7	1	0
*	3p	+	42	245985	153137	161010	242608	802740	2526	326	143	211	72	53	41	113	47	110	46	171	28	30	9	6	23	21	6	8	0
*	3p	+	43	245288	153366	159672	243441	801767	2331	298	168	220	76	60	53	111	47	89	51	167	28	25	8	16	26	26	3	7	0
*	3p	+	44	245196	153272	158563	243644	800675	2196	361	150	207	67	65	46	107	60	107	68	175	27	18	12	14	26	16	8	10	0
*	3p	+	45	245045	152817	157993	243623	799478	2244	382	141	216	64	58	49	103	51	110	39	183	28	15	12	16	27	20	4	8	0
*	3p	+	46	244584	152125	157037	244370	798116	2107	341	145	221	59	62	44	100	54	96	45	153	23	17	14	13	22	18	10	7	0
*	3p	+	47	244144	152322	156828	243326	796620	2063	317	156	210	83	55	39	90	39	80	35	164	20	26	7	9	12	27	5	5	0
*	3p	+	48	242971	152025	156822	243054	794872	1995	347	133	218	76	59	54	102	42	102	33	188	20	29	12	20	20	27	8	8	0
*	3p	+	49	242130	152361	155790	242622	792903	1911	330	154	207	73	59	53	108	59	105	42	172	21	27	8	11	26	22	7	8	0
*	3p	+	50	241672	151883	155983	241270	790808	1924	353	169	223	52	66	38	108	55	101	38	196	25	30	9	15	19	26	6	6	0
*	3p	+	51	241329	151234	155097	240709	788369	1758	321	139	226	71	62	53	94	46	84	46	188	30	25	5	12	24	24	10	4	0
*	3p	+	52	240520	150277	154725	240262	785784	1811	318	169	220	79	64	50	108	37	85	51	192	29	21	8	13	28	25	6	6	0
*	3p	+	53	240007	149695	153470	239736	782908	1655	351	134	218	56	56	46	72	50	84	46	206	19	22	4	22	21	29	7	6	0
*	3p	+	54	238549	148891	152512	239882	779834	1670	342	134	185	93	53	45	92	47	71	36	206	31	26	9	10	23	25	8	9	0
*	3p	+	55	238359	148029	151166	238853	776407	1561	375	120	218	68	52	44	63	49	88	56	206	27	22	10	14	26	24	8	6	0
*	3p	+	56	237423	147121	150440	237835	772819	1512	375	130	238	81	43	38	75	62	76	41	196	24	13	12	15	21	17	9	5	0
*	3p	+	57	235531	146934	148880	237583	768928	1404	357	143	196	78	63	47	78	59	85	27	190	26	21	9	8	23	24	7	8	0
*	3p	+	58	234698	145788	147821	236496	764803	1367	357	148	207	72	60	53	85	55	85	43	174	18	23	10	12	19	23	8	8	0
*	3p	+	59	232453	145475	147106	235175	760209	1388	370	148	211	57	48	38	69	42	77	47	165	21	22	13	6	27	21	7	9	0
*	3p	+	60	231223	144551	145707	233816	755297	1282	344	138	231	70	72	37	85	51	85	41	176	20	18	7	10	25	21	10	7	0
*	3p	+	61	230630	142929	145153	231316	750028	1224	371	141	203	67	66	40	75	57	78	35	173	23	22	7	9	24	18	1	9	0
*	3p	+	62	228760	141440	143419	230789	744408	1134	365	137	184	74	51	35	73	46	82	31	189	16	23	11	12	25	19	7	6	0
*	3p	+	63	227615	140140	142670	228115	738540	1184	375	171	207	62	57	48	71	62	64	51	177	14	22	6	10	12	15	10	3	0
*	3p	+	64	225768	138693	140919	226770	732150	1135	368	143	209	51	44	43	67	43	57	51	152	16	17	12	9	19	30	5	10	0
*	3p	+	65	223256	137533	139192	225475	725456	1024	366	149	192	70	48	37	68	44	76	56	174	16	27	5	9	18	18	9	7	0
*	3p	+	66	221181	136073	137472	223746	718472	985	354	151	183	58	41	43	68	36	62	50	186	19	19	4	8	27	17	6	8	0
*	3p	+	67	219146	134795	135657	221359	710957	925	347	143	186	64	46	39	62	52	58	37	190	17	18	4	12	25	13	5	6	0
*	3p	+	68	217140	133162	133292	219466	703060	907	429	143	182	54	53	49	64	39	60	42	169	22	20	9	9	18	18	8	6	0
*	3p	+	69	215117	131708	131848	216170	694843	851	414	129	184	62	55	51	51	47	71	39	175	24	23	5	12	24	11	13	4	0
*	3p	+	70	212051	129971	129832	214349	686203	795	364	112	176	69	49	15	64	33	77	26	169	16	19	6	10	13	25	11	4	0
*	3p	-	1	299358	111491	190733	197412	798994	41835	170	194	548	181	125	61	238	94	231	67	106	0	0	0	0	0	0	0	0	6
*	3p	-	2	241719	141174	155444	262214	800551	21649	189	175	459	113	107	59	151	83	158	62	101	0	0	0	0	5	11	9	4	6
*	3p	-	3	244915	141588	164214	251587	802304	14335	179	178	338	115	116	63	228	85	135	56	138	1	0	1	0	19	18	12	9	5
*	3p	-	4	244200	146829	166906	245864	803799	10063	177	165	277	87	83	75	214	52	157	49	183	0	0	2	1	32	44	19	22	1
*	3p	-	5	243042	150249	163383	248293	804967	7779	220	164	290	82	60	119	247	66	318	73	158	4	1	2	1	44	53	21	27	0
*	3p	-	6	234637	152125	165575	253567	805904	6297	189	186	245	94	77	83	242	72	574	67	154	9	10	3	8	53	65	36	52	0
*	3p	-	7	246505	150147	163235	246572	806459	5528	193	163	259	85	58	69	251	55	631	58	142	23	22	9	9	59	63	34	36	0
*	3p	-	8	244675	148158	166431	247613	806877	4663	185	181	210	84	61	88	240	72	583	42	160	27	22	22	11	67	50	25	39	0
*	3p	-	9	248465	150395	165454	242861	807175	4056	199	169	246	85	63	87	275	65	713	61	166	17	49	23	20	37	48	20	30	0
*	3p	-	10	244344	152024	167576	243423	807367	3678	161	171	249	69	60	66	314	58	771	57	161	19	62	27	36	44	38	16	25	0
*	3p	-	11	245829	152095	166505	243086	807515	3421	171	125	209	86	78	73	256	50	776	70	137	27	67	30	33	34	32	13	10	0
*	3p	-	12	244423	152410	165278	245513	807624	3301	193	155	213	74	65	65	246	74	716	41	131	37	70	30	25	26	18	4	7	0
*	3p	-	13	247975	151526	164643	243525	807669	3184	195	160	221	97	62	65	243	50	675	67	131	35	69	26	22	24	20	7	5	0
*	3p	-	14	247030	151077	164544	245034	807685	3275	177	160	202	78	71	78	222	52	498	57	126	23	54	25	33	29	20	5	3	0
*	3p	-	15	247856	151480	165529	242836	807701	3137	196	142	221	79	60	67	188	43	390	58	128	32	39	18	26	23	11	9	4	0
*	3p	-	16	247361	153085	164035	243228	807709	3106	214	172	218	74	60	72	161	53	309	56	111	33	41	18	23	19	16	3	6	0
*	3p	-	17	246825	153327	163898	243659	807709	3297	183	160	241	58	55	59	150	48	236	49	147	20	43	23	14	18	17	8	2	0
*	3p	-	18	246336	152902	164661	243787	807686	3267	194	185	243	85	66	59	168	47	223	60	172	31	27	21	21	27	33	3	6	0
*	3p	-	19	247237	153006	163885	243566	807694	3377	219	141	226	67	47	58	169	59	187	54	176	26	32	18	24	23	24	6	9	0
*	3p	-	20	246998	152772	163860	244072	807702	3461	213	166	211	54	50	44	164	51	199	48	152	33	39	17	25	23	23	3	4	0
*	3p	-	21	246732	153081	164466	243429	807708	3576	224	167	215	75	70	51	178	32	163	55	158	20	33	21	16	20	19	4	5	0
*	3p	-	22	248470	151504	164037	243673	807684	3693	221	171	237	79	70	52	159	61	172	43	149	27	36	10	23	30	23	6	12	0
*	3p	-	23	248996	151711	163923	243071	807701	3524	205	160	225	78	69	65	150	49	167	52	162	25	30	25	28	27	19	2	6	0
*	3p	-	24	248808	152053	163649	243196	807706	3526	222	172	217	65	60	64	160	56	168	46	160	25	34	11	21	23	18	5	4	0
*	3p	-	25	249278	152095	163422	242889	807684	3418	213	146	224	82	59	55	157	46	161	44	152	24	36	14	27	37	18	7	9	0
*	3p	-	26	247772	152486	163185	244241	807684	3337	248	135	256	60	69	59	129	60	171	42	147	27	30	26	19	36	22	7	7	0
*	3p	-	27	248381	153200	162249	243877	807707	3418	253	160	238	77	62	45	158	61	141	47	162	23	38	17	29	21	13	7	6	0
*	3p	-	28	247458	154120	162364	243758	807700	3325	250	136	249	65	47	56	146	49	146	50	154	24	34	20	24	22	21	2	9	0
*	3p	-	29	246918	153281	164055	243434	807688	3311	240	166	197	61	58	61	133	47	159	49	170	27	44	13	22	22	30	8	7	0
*	3p	-	30	247184	153474	163851	243184	807693	3210	272	163	235	84	60	43	127	45	134	36	158	27	41	19	19	17	32	5	8	0
*	3p	-	31	246924	153750	163873	243133	807680	3232	284	135	225	74	55	57	141	50	165	49	164	27	28	21	21	24	17	6	5	0
*	3p	-	32	247045	152955	163801	243851	807652	3205	252	141	229	81	57	52	138	56	141	57	191	27	22	19	25	17	30	13	7	0
*	3p	-	33	247661	153643	163135	243220	807659	3034	258	165	222	72	64	49	138	49	145	45	167	24	34	10	16	16	18	7	7	0
*	3p	-	34	247149	153141	163164	244185	807639	3089	276	179	249	67	63	47	135	49	137	55	175	20	27	9	14	18	16	7	7	0
*	3p	-	35	247689	152887	162382	244654	807612	2961	307	147	222	72	55	54	130	47	130	69	187	26	37	10	13	22	19	5	5	0
*	3p	-	36	247312	153643	161273	245035	807263	2905	287	167	211	91	57	42	139	60	118	47	156	33	24	11	16	25	24	9	6	0
*	3p	-	37	247067	154572	161179	244026	806844	2772	297	151	213	66	62	30	123	47	117	33	181	18	29	12	17	21	19	14	7	0
*	3p	-	38	246010	154115	161375	244882	806382	2670	304	157	218	63	63	60	130	54	110	32	179	27	23	11	12	21	22	8	8	0
*	3p	-	39	245643	154408	161309	244479	805839	2753	292	146	222	70	61	47	113	47	134	51	191	28	29	17	11	19	22	2	10	0
*	3p	-	40	246072	154319	161222	243589	805202	2556	350	145	254	67	45	39	102	54	130	43	178	29	36	15	19	24	16	5	2	0
*	3p	-	41	245743	153725	161292	243707	804467	2505	289	142	203	81	55	53	117	45	118	50	201	18	25	8	12	25	19	9	5	0
*	3p	-	42	245125	153461	161272	243766	803624	2519	296	147	238	68	49	55	110	44	110	46	148	22	25	5	16	31	25	6	1	0
*	3p	-	43	245891	152790	160221	243782	802684	2365	327	152	231	73	61	50	116	45	105	49	163	26	29	9	15	25	19	6	3	0
*	3p	-	44	245994	153264	159361	242931	801550	2342	326	148	196	76	52	31	102	44	118	31	190	25	23	15	9	22	14	7	5	0
*	3p	-	45	244842	152690	159079	243694	800305	2203	326	152	224	72	66	54	102	48	124	56	193	16	25	10	19	16	21	12	9	0
*	3p	-	46	245010	152233	157892	243774	798909	2131	337	150	214	67	45	49	99	50	98	37	175	22	20	4	11	23	18	6	9	0
*	3p	-	47	244803	152087	156901	243515	797306	2106	346	134	207	80	69	55	88	61	90	54	199	26	23	6	18	22	21	7	10	0
*	3p	-	48	242949	152591	157105	242918	795563	1982	332	154	203	70	64	37	94	59	83	42	177	15	26	9	19	21	27	8	8	0
*	3p	-	49	243108	151907	155689	242909	793613	1908	335	145	231	70	64	48	87	51	105	39	192	21	18	9	16	27	23	10	5	0
*	3p	-	50	241967	151927	156029	241465	791388	1798	335	147	193	68	63	59	85	38	97	37	162	21	16	13	19	27	15	8	11	0
*	3p	-	51	240660	151641	156148	240572	789021	1853	390	144	209	70	58	38	90	41	85	47	165	18	38	11	14	22	18	3	8	0
*	3p	-	52	240349	150082	155103	240828	786362	1772	340	160	209	70	58	44	81	47	92	54	149	23	25	10	8	22	18	6	6	0
*	3p	-	53	239699	149441	153874	240459	783473	1661	354	160	226	67	63	40	90	37	89	51	162	20	21	15	12	20	26	6	6	0
*	3p	-	54	238332	149224	152346	240549	780451	1605	366	162	200	60	59	37	94	48	82	42	180	20	25	11	9	23	17	9	7	0
*	3p	-	55	238259	148275	151374	239134	777042	1587	372	160	206	67	53	42	76	46	81	44	170	20	18	5	8	18	18	8	8	0
*	3p	-	56	236353	147652	150901	238472	773378	1590	358	153	206	48	63	43	95	46	98	44	168	20	24	10	16	23	11	4	7	0
*	3p	-	57	235558	146283	149593	237883	769317	1404	377	127	203	70	63	47	84	44	84	41	172	15	19	10	10	17	20	5	12	0
*	3p	-	58	234534	145600	148374	236622	765130	1405	371	160	225	66	50	53	88	60	73	32	183	19	22	3	8	36	30	5	6	0
*	3p	-	59	233675	145851	146891	234217	760634	1363	379	146	214	61	46	48	77	41	78	47	177	22	22	9	9	20	28	8	11	0
*	3p	-	60	232065	144165	146057	233547	755834	1332	353	131	204	62	49	48	95	42	77	56	206	11	20	10	12	10	12	6	11	0
*	3p	-	61	230546	142977	145358	231650	750531	1186	356	126	215	67	53	43	72	37	85	35	188	23	22	5	5	21	8	4	5	0
*	3p	-	62	228545	141958	144301	230103	744907	1142	365	141	224	63	52	38	81	58	73	35	188	12	8	6	6	16	10	4	3	0
*	3p	-	63	227153	139975	142681	229133	738942	1165	397	130	186	52	49	35	69	45	65	48	174	19	10	5	12	12	14	9	1	0
*	3p	-	64	225830	138255	141754	226656	732495	1115	398	141	208	60	49	45	74	40	89	34	167	15	12	8	7	16	14	3	6	0
*	3p	-	65	224144	136781	139914	224887	725726	1047	354	166	203	67	48	29	77	47	76	26	180	13	17	7	12	14	13	5	5	0
*	3p	-	66	221561	135436	137638	223944	718579	946	361	134	171	61	61	23	63	40	62	46	160	12	9	6	11	21	11	4	0	0
*	3p	-	67	219456	134506	135668	221462	711092	958	379	145	199	60	55	43	65	44	70	36	161	14	13	4	9	17	13	8	5	0
*	3p	-	68	217655	132583	133724	219172	703134	931	366	114	188	57	62	25	66	39	92	40	169	13	20	5	5	17	13	5	4	0
*	3p	-	69	214586	131679	131485	217109	694859	894	363	128	185	59	49	35	53	33	72	41	159	11	12	8	8	10	16	4	4	0
*	3p	-	70	212052	130086	129951	213993	686082	808	353	133	156	65	51	48	53	43	72	30	175	13	14	9	6	8	11	5	7	0
*	5p	+	1	206712	152325	117539	321671	798247	153	2318	129	196	105	193	43	79	75	102	55	165	0	0	0	0	0	0	0	0	8
*	5p	+	2	261371	137033	155220	246140	799764	162	1794	234	184	65	90	43	70	45	81	38	210	0	0	0	0	8	7	4	6	8
*	5p	+	3	255524	149091	148245	248568	801428	151	1288	181	176	47	60	44	52	54	88	52	253	0	0	0	0	18	15	8	12	3
*	5p	+	4	248316	154180	154856	245538	802890	130	1055	166	207	57	57	42	53	42	67	46	172	1	0	0	0	28	17	22	18	1
*	5p	+	5	248539	155487	157905	242287	804218	121	825	160	202	55	59	36	66	50	60	56	261	4	6	1	3	47	44	27	29	0
*	5p	+	6	252705	159313	157640	235571	805229	156	595	167	210	63	52	38	53	52	67	55	213	12	9	6	2	41	37	31	20	0
*	5p	+	7	246570	158004	154313	246976	805863	122	503	144	201	46	46	36	61	52	63	43	241	8	10	3	2	21	28	15	15	0
*	5p	+	8	246921	161061	153756	244517	806255	150	425	154	213	56	39	43	56	46	57	39	232	15	16	2	4	22	18	13	12	0
*	5p	+	9	242792	161175	155724	246754	806445	111	382	154	213	50	50	35	59	58	58	55	227	9	17	2	2	14	20	7	13	0
*	5p	+	10	243056	162998	157072	243430	806556	122	370	128	214	69	38	42	54	60	52	39	213	14	9	4	4	12	28	7	4	0
*	5p	+	11	243396	161555	156974	244691	806616	134	383	177	224	49	47	38	54	60	63	54	222	7	16	0	5	6	15	3	2	0
*	5p	+	12	245043	160260	157598	243718	806619	133	351	148	214	63	49	43	46	44	48	51	224	17	14	3	5	13	16	7	3	0
*	5p	+	13	243138	160701	156246	246546	806631	126	383	171	187	45	45	40	57	50	41	39	201	13	16	14	7	10	15	2	5	0
*	5p	+	14	244073	160185	156390	245964	806612	134	344	139	231	71	56	40	59	52	63	41	227	13	21	6	4	16	26	6	8	0
*	5p	+	15	243168	160536	156446	246482	806632	128	368	146	221	57	41	36	52	34	49	54	197	11	22	11	9	10	19	6	3	0
*	5p	+	16	241726	159955	157473	247460	806614	155	338	144	214	67	38	38	48	51	48	38	189	19	14	7	5	22	25	3	5	0
*	5p	+	17	242559	159850	158118	246096	806623	150	371	133	190	55	42	46	58	47	47	35	198	19	21	2	4	18	17	7	4	0
*	5p	+	18	243176	159855	158143	245445	806619	207	380	153	209	65	49	36	66	58	62	37	206	22	18	2	8	24	19	3	4	0
*	5p	+	19	244085	158496	158113	245938	806632	246	342	125	225	65	38	36	44	49	40	51	193	21	14	6	7	17	13	6	2	0
*	5p	+	20	243412	158868	158449	245900	806629	360	361	146	221	44	50	31	51	43	50	42	206	17	20	7	11	15	16	7	3	0
*	5p	+	21	243892	159135	158216	245388	806631	464	405	159	197	46	41	48	43	51	42	33	165	20	27	2	7	14	18	4	3	0
*	5p	+	22	242761	159491	157456	246919	806627	584	365	144	210	61	30	33	52	51	48	53	172	21	23	4	3	19	18	3	3	0
*	5p	+	23	242739	159121	157053	247703	806616	728	407	161	193	64	43	42	61	28	61	47	219	13	22	9	7	24	18	7	5	0
*	5p	+	24	243194	157645	157477	248320	806636	898	406	150	211	62	45	35	47	41	58	32	209	20	21	7	7	14	15	2	3	0
*	5p	+	25	243045	157919	157997	247669	806630	1035	361	144	192	48	45	46	51	44	55	45	211	19	25	6	12	17	14	5	3	0
*	5p	+	26	243681	157567	158535	246843	806626	1128	357	158	248	95	66	52	72	61	70	54	191	15	16	13	13	17	18	6	2	0
*	5p	+	27	243262	157488	159091	246777	806618	1221	365	172	245	81	48	39	73	54	64	46	211	30	19	16	15	16	23	8	5	0
*	5p	+	28	243565	157314	159478	246257	806614	1374	392	125	226	78	56	48	77	49	72	52	236	23	26	5	15	23	18	4	11	0
*	5p	+	29	243105	157656	159609	246245	806615	1507	322	156	239	79	56	46	66	42	64	35	184	26	24	8	16	30	18	5	0	0
*	5p	+	30	242381	158484	159632	246123	806620	1535	350	161	222	70	51	43	82	43	65	40	217	20	21	7	11	22	15	5	5	0
*	5p	+	31	243309	158225	159511	245568	806613	1619	309	139	270	110	70	44	88	57	79	60	201	16	22	8	9	23	14	6	5	0
*	5p	+	32	243579	157142	158767	247108	806596	1655	329	160	222	86	59	39	94	56	67	47	204	19	21	15	9	19	23	7	6	0
*	5p	+	33	243401	156902	159474	246792	806569	1731	335	160	274	105	62	45	77	40	53	47	209	26	28	12	10	26	23	7	5	0
*	5p	+	34	243908	156943	158680	247031	806562	1780	362	165	272	95	52	58	84	58	75	46	204	19	36	13	12	23	16	7	9	0
*	5p	+	35	243611	156382	159102	247439	806534	1959	370	166	277	120	101	55	121	79	96	54	225	21	30	13	12	16	19	15	9	0
*	5p	+	36	244269	155553	160097	246289	806208	2052	342	154	258	67	62	48	71	38	77	52	196	19	24	9	17	29	19	5	4	0
*	5p	+	37	244394	154858	159734	246846	805832	2041	322	157	274	90	53	47	80	46	54	36	205	21	26	11	17	17	22	5	2	0
*	5p	+	38	244269	154915	160487	245722	805393	2098	298	154	272	76	44	42	89	54	68	53	186	24	32	9	13	26	19	8	7	0
*	5p	+	39	243981	155315	160365	245204	804865	2274	401	222	363	265	230	101	180	120	222	106	295	25	33	11	12	20	21	11	6	0
*	5p	+	40	243724	155429	159221	245883	804257	2256	304	141	238	67	62	47	92	43	83	51	193	26	23	20	17	26	16	3	5	0
*	5p	+	41	243225	154726	159465	246119	803535	2367	350	153	257	83	64	39	85	48	92	53	192	29	21	7	22	28	11	9	4	0
*	5p	+	42	243528	155205	159244	244769	802746	2418	321	140	220	72	57	47	90	55	101	44	211	24	19	7	10	21	24	6	5	0
*	5p	+	43	243209	154097	158656	245814	801776	2418	329	145	210	68	62	49	91	54	103	53	189	27	18	13	19	21	27	5	8	0
*	5p	+	44	243754	153329	159196	244412	800691	2515	290	154	264	65	56	49	101	51	93	41	196	35	24	5	22	21	21	10	5	0
*	5p	+	45	243726	152182	158697	244876	799481	2636	329	181	198	78	62	47	107	48	69	48	163	24	24	10	12	18	27	12	11	0
*	5p	+	46	243495	151800	158624	244199	798118	2648	300	136	239	68	65	64	92	55	99	54	168	27	25	15	17	17	32	5	6	0
*	5p	+	47	243428	151520	158019	243653	796620	2681	269	143	231	63	55	49	107	45	78	51	174	25	25	11	19	19	20	3	2	0
*	5p	+	48	243504	151536	157262	242583	794885	2746	310	147	216	66	61	56	89	41	90	45	155	25	24	10	15	26	14	10	7	0
*	5p	+	49	243105	149968	157465	242388	792926	2809	291	147	204	53	58	41	117	62	94	53	164	16	23	9	22	23	25	1	2	0
*	5p	+	50	241093	149904	157659	242145	790801	2897	272	164	222	70	62	57	105	47	108	51	179	27	31	11	11	21	28	6	6	0
*	5p	+	51	241727	149847	155985	240806	788365	2973	257	140	243	79	47	52	106	39	94	38	167	19	23	9	19	22	28	5	9	0
*	5p	+	52	239774	149000	155902	241115	785791	3040	246	160	224	78	47	52	93	63	112	44	171	23	17	14	22	30	26	3	4	0
*	5p	+	53	239764	147399	155070	240681	782914	2981	256	156	251	99	57	59	126	49	131	37	165	25	27	8	13	24	24	13	8	0
*	5p	+	54	238982	147439	154481	238925	779827	3137	254	147	206	77	40	58	138	44	121	47	166	28	31	19	10	24	30	6	5	0
*	5p	+	55	239096	146662	152677	237992	776427	3076	296	153	214	71	57	55	138	65	101	37	164	28	28	17	14	23	20	3	4	0
*	5p	+	56	238348	145331	151753	237398	772830	3308	239	146	209	85	55	53	101	56	122	50	159	26	32	6	19	21	24	3	7	0
*	5p	+	57	237335	144400	151087	236116	768938	3328	257	155	210	54	48	43	98	46	128	40	148	21	25	11	16	16	23	12	6	0
*	5p	+	58	236254	142970	149954	235621	764799	3272	239	131	196	51	54	36	112	36	112	33	150	26	28	14	20	24	18	4	16	0
*	5p	+	59	234591	141789	150406	233379	760165	3341	217	155	185	69	53	62	118	39	135	32	135	25	32	14	16	29	21	11	10	0
*	5p	+	60	232999	140708	148822	232723	755252	3324	256	156	192	60	51	57	115	42	124	57	154	28	29	12	14	24	23	9	5	0
*	5p	+	61	231070	139701	147703	231485	749959	3434	244	123	209	79	66	49	124	37	143	37	144	25	25	14	20	28	22	9	7	0
*	5p	+	62	229766	138395	146590	229577	744328	3370	254	139	199	54	51	55	114	31	148	32	162	23	32	22	19	30	17	7	11	0
*	5p	+	63	228370	137590	144674	227758	738392	3412	231	141	187	60	61	38	110	41	139	45	138	22	21	12	19	30	28	11	13	0
*	5p	+	64	226814	135621	143161	226412	732008	3460	233	151	198	75	65	46	147	56	151	35	144	12	25	13	22	36	23	5	14	0
*	5p	+	65	225345	133980	142057	223921	725303	3504	211	151	192	67	58	56	142	46	190	42	141	17	27	16	16	30	20	8	9	0
*	5p	+	66	223840	132424	140546	221515	718325	3503	204	148	234	64	60	44	159	45	176	38	123	15	32	6	18	14	20	6	12	0
*	5p	+	67	221391	130259	139247	219887	710784	3610	177	127	198	56	51	43	115	42	156	54	149	21	29	12	11	17	27	7	12	0
*	5p	+	68	219089	128334	137534	217957	702914	3576	180	118	228	70	70	40	151	63	196	46	146	22	25	15	12	22	23	6	11	0
*	5p	+	69	216342	127366	136204	214791	694703	3720	222	107	211	73	55	36	130	44	185	35	128	18	26	17	21	23	25	7	5	0
*	5p	+	70	214335	125416	133718	212600	686069	3674	196	99	201	62	74	52	150	45	186	49	126	18	24	20	13	19	32	7	12	0
*	5p	-	1	205975	153473	118199	321790	799437	157	2317	140	182	104	213	60	82	71	104	65	161	0	0	0	0	0	0	0	0	0
*	5p	-	2	261056	136375	156111	247411	800953	169	1836	225	148	65	72	34	66	74	96	32	195	0	0	0	0	2	0	0	1	0
*	5p	-	3	256930	149068	148651	247896	802545	166	1278	158	208	74	72	37	60	56	86	47	243	0	0	0	0	4	2	2	1	0
*	5p	-	4	248750	153891	155664	245731	804036	157	1092	182	176	53	74	33	50	61	65	45	176	0	0	0	0	4	3	5	3	0
*	5p	-	5	247978	155621	157995	243738	805332	128	816	170	194	59	73	40	54	59	70	47	287	1	0	3	1	40	26	19	23	0
*	5p	-	6	252429	159291	158079	236542	806341	151	624	145	204	67	48	27	65	45	85	52	225	0	5	3	1	33	27	33	35	0
*	5p	-	7	247052	157315	155682	246936	806985	144	528	152	215	51	43	45	39	39	58	51	231	0	9	8	1	31	23	31	16	0
*	5p	-	8	247048	161458	154356	244507	807369	136	416	153	208	69	44	28	50	44	62	41	210	3	10	7	4	20	9	18	10	0
*	5p	-	9	243208	160694	156627	247031	807560	125	389	144	227	61	34	41	42	47	41	49	232	4	5	3	3	13	18	6	7	0
*	5p	-	10	243099	163000	157978	243568	807645	120	375	156	195	57	54	34	64	36	65	35	222	1	2	1	4	12	11	5	9	0
*	5p	-	11	243709	161549	157125	245314	807697	145	333	155	206	53	50	36	44	57	49	47	227	4	7	3	3	7	4	5	6	0
*	5p	-	12	244836	160376	157901	244604	807717	153	364	149	188	70	41	45	38	44	47	31	217	11	4	4	4	3	7	7	4	0
*	5p	-	13	243875	160569	156772	246508	807724	154	347	144	196	50	48	32	49	40	40	49	225	3	8	2	7	9	12	2	3	0
*	5p	-	14	244192	159961	157027	246553	807733	144	322	178	225	76	57	42	54	62	70	47	216	6	4	4	2	5	10	5	1	0
*	5p	-	15	243635	160993	157176	245928	807732	113	371	166	205	62	55	33	58	45	53	42	195	11	6	3	3	7	7	8	2	0
*	5p	-	16	243861	159816	157657	246390	807724	147	355	183	210	56	49	24	45	42	50	40	208	6	7	5	5	11	9	9	3	0
*	5p	-	17	242363	159816	159372	246176	807727	149	372	137	212	57	39	50	49	62	68	46	216	13	15	5	3	13	10	3	3	0
*	5p	-	18	243610	159787	158707	245627	807731	206	361	171	199	56	64	48	59	48	60	41	209	18	15	5	7	10	10	3	2	0
*	5p	-	19	242970	159626	158752	246366	807714	255	400	166	202	50	50	39	47	42	47	37	200	15	13	5	7	14	15	5	6	0
*	5p	-	20	244182	159462	158629	245441	807714	359	406	173	205	37	46	22	61	47	49	46	196	11	13	11	5	17	16	3	6	0
*	5p	-	21	243440	159836	158845	245592	807713	456	367	143	190	65	42	36	48	51	46	30	191	12	14	3	12	12	15	5	11	0
*	5p	-	22	243346	159864	157524	246980	807714	616	369	159	185	59	45	43	54	45	51	43	196	11	11	8	4	17	14	3	8	0
*	5p	-	23	243476	158879	157563	247797	807715	711	333	131	186	56	55	44	47	41	48	44	202	19	15	3	4	16	17	6	2	0
*	5p	-	24	243729	158583	157748	247668	807728	858	401	171	183	53	50	35	55	37	54	31	228	12	18	5	10	13	11	2	2	0
*	5p	-	25	243368	157847	158888	247617	807720	1013	371	151	182	53	45	38	57	37	61	45	190	11	15	6	5	12	16	4	4	0
*	5p	-	26	243750	157777	159283	246900	807710	1137	395	158	236	78	52	48	70	49	86	58	190	23	22	6	8	17	19	6	4	0
*	5p	-	27	243941	157749	159313	246708	807711	1315	340	121	246	63	46	39	61	46	62	58	204	16	20	6	7	19	18	4	4	0
*	5p	-	28	243602	156958	160554	246603	807717	1332	359	169	262	65	56	37	74	54	69	54	212	15	22	5	11	19	12	6	2	0
*	5p	-	29	243092	157528	160261	246821	807702	1430	342	149	211	47	45	35	60	51	50	42	205	20	17	11	9	15	22	6	11	0
*	5p	-	30	242961	157976	160762	246009	807708	1585	371	161	213	79	77	50	70	53	64	48	201	19	19	7	12	13	24	5	5	0
*	5p	-	31	243428	158615	159431	246221	807695	1631	395	152	222	78	54	49	74	49	84	49	216	21	20	5	17	18	14	3	4	0
*	5p	-	32	242621	157836	160489	246725	807671	1702	344	148	219	72	54	54	87	44	88	48	204	27	24	7	6	17	17	6	9	0
*	5p	-	33	243702	157061	160293	246610	807666	1718	359	140	282	98	60	45	72	52	81	41	235	17	22	8	10	13	17	5	3	0
*	5p	-	34	244587	156669	159904	246478	807638	1833	326	153	274	82	52	36	87	58	86	47	193	17	25	7	7	13	20	7	4	0
*	5p	-	35	244270	156250	160335	246748	807603	1993	336	159	258	97	98	56	105	82	112	48	194	20	18	7	11	21	25	6	7	0
*	5p	-	36	244822	155583	160029	246840	807274	2065	325	135	249	87	55	47	75	45	88	38	173	24	23	5	15	20	12	5	9	0
*	5p	-	37	244625	155762	159774	246702	806863	2042	324	150	271	73	42	36	81	51	92	46	179	23	23	7	14	15	18	4	6	0
*	5p	-	38	243805	155646	160962	245962	806375	2101	335	162	248	70	55	40	84	57	82	66	173	17	22	9	13	21	27	6	10	0
*	5p	-	39	244125	155209	160512	245994	805840	2288	384	222	378	270	250	85	176	110	204	96	255	21	24	11	19	24	16	3	7	0
*	5p	-	40	244126	155592	160588	244891	805197	2201	326	153	216	62	63	46	74	41	66	42	187	29	31	6	27	18	16	4	11	0
*	5p	-	41	243749	154965	160127	245620	804461	2423	306	157	223	77	61	50	92	49	88	54	178	41	30	10	18	23	19	7	9	0
*	5p	-	42	243959	155212	159989	244463	803623	2441	317	157	216	61	53	42	119	52	70	37	181	26	29	12	17	21	31	2	4	0
*	5p	-	43	243164	154184	159764	245563	802675	2499	297	168	238	75	44	47	82	50	73	43	191	26	26	8	20	22	25	5	5	0
*	5p	-	44	244574	153225	158912	244812	801523	2527	282	141	250	64	48	48	106	44	67	39	222	23	27	13	16	20	26	8	7	0
*	5p	-	45	244243	152312	159464	244275	800294	2567	294	158	224	64	50	38	98	60	97	41	185	22	29	9	16	18	20	7	6	0
*	5p	-	46	244433	151550	158099	244823	798905	2656	304	151	226	73	42	39	85	33	109	36	164	19	18	13	22	22	19	7	5	0
*	5p	-	47	242807	152341	157952	244202	797302	2749	287	135	221	64	61	57	91	45	103	43	174	23	37	14	16	21	24	6	11	0
*	5p	-	48	243656	150769	158433	242719	795577	2847	249	142	206	64	47	50	96	35	112	40	182	22	25	14	13	20	19	6	6	0
*	5p	-	49	242719	150859	157994	242060	793632	2805	305	144	236	70	45	51	120	52	93	41	172	24	27	10	15	19	14	3	9	0
*	5p	-	50	242308	149841	157338	241891	791378	2921	293	162	219	67	68	44	115	38	100	50	192	29	31	10	9	36	18	7	8	0
*	5p	-	51	241597	148930	157490	240990	789007	3013	283	128	235	69	46	53	108	58	114	44	175	19	27	13	13	29	23	6	9	0
*	5p	-	52	240358	149517	155923	240572	786370	3075	300	141	214	70	55	58	110	41	113	43	132	21	30	17	26	20	19	10	9	0
*	5p	-	53	239759	148035	155224	240462	783480	3048	270	153	233	85	46	44	117	56	117	51	169	26	34	12	21	26	18	8	12	0
*	5p	-	54	239619	147161	154640	239029	780449	3108	271	139	239	62	49	52	125	54	100	45	136	26	34	19	19	23	23	10	9	0
*	5p	-	55	238865	146406	153633	238117	777021	3124	280	171	223	93	46	46	122	37	127	44	159	32	34	13	24	28	25	9	10	0
*	5p	-	56	237820	145795	152792	236924	773331	3283	231	134	228	70	45	38	118	57	143	33	135	25	33	9	12	28	23	6	10	0
*	5p	-	57	236736	144243	152053	236259	769291	3313	235	137	195	61	44	45	128	55	115	44	171	26	25	18	23	26	18	9	11	0
*	5p	-	58	236397	143070	151058	234584	765109	3284	242	137	175	60	49	32	114	39	136	51	172	25	24	11	24	20	18	14	10	0
*	5p	-	59	233790	141998	150889	233898	760575	3358	227	134	233	54	55	60	127	57	127	39	151	22	30	11	18	31	29	5	8	0
*	5p	-	60	232739	140962	149463	232560	755724	3403	244	157	192	53	60	42	120	52	142	55	163	31	23	18	13	25	20	8	16	0
*	5p	-	61	231707	139664	147956	231069	750396	3467	205	127	204	59	49	50	129	31	151	40	158	28	25	13	22	24	23	17	7	0
*	5p	-	62	230284	137955	146893	229617	744749	3538	243	135	207	59	46	45	131	44	150	44	145	20	38	12	16	23	20	13	10	0
*	5p	-	63	228613	136830	145531	227790	738764	3650	254	151	195	56	58	50	117	31	139	37	143	20	30	19	13	29	16	8	14	0
*	5p	-	64	227370	135532	144518	224920	732340	3564	245	150	211	61	61	52	129	44	159	48	151	23	33	20	19	25	22	13	7	0
*	5p	-	65	226041	134575	142214	222767	725597	3453	225	126	202	73	59	56	123	42	160	52	136	23	30	16	19	22	31	5	10	0
*	5p	-	66	224117	131779	141158	221384	718438	3667	218	143	184	69	54	52	141	42	168	50	169	19	34	15	20	34	27	5	9	0
*	5p	-	67	221555	129724	139580	220090	710949	3662	183	156	190	64	46	36	121	44	157	46	135	18	35	23	12	30	25	6	11	0
*	5p	-	68	219519	128239	137869	217353	702980	3558	229	156	208	75	55	44	145	57	215	42	141	20	28	12	18	17	21	9	7	0
*	5p	-	69	217210	127118	136452	213897	694677	3568	173	140	212	47	49	50	111	39	205	43	119	24	32	14	11	27	23	5	11	0
*	5p	-	70	214150	124910	134018	212830	685908	3642	181	136	194	56	77	41	152	44	170	42	128	32	25	5	24	15	27	7	7	0
