# table produced by mapDamage version 2.0.3
# using mapped file tmp1.sam and Reference/GCF_000007125.1_ASM712v1_genomic.fna as reference file
# Chr: reference from sam/bam header, End: from which termini of DNA sequences, Std: strand of reads
Chr	End	Std	Pos	A	C	G	T	Total	G>A	C>T	A>G	T>C	A>C	A>T	C>G	C>A	T>G	T>A	G>C	G>T	A>-	T>-	C>-	G>-	->A	->T	->C	->G	S
*	3p	+	1	241353	191953	339777	131287	904370	22331	349	1021	546	149	170	493	507	288	229	268	291	0	0	0	0	0	0	0	0	0
*	3p	+	2	211037	259144	289594	144589	904364	15943	400	788	632	126	136	384	376	205	201	164	229	1	0	0	1	0	0	0	0	0
*	3p	+	3	212005	261584	263246	167531	904366	9419	368	772	764	101	109	221	282	122	169	101	157	1	0	0	1	1	0	0	0	0
*	3p	+	4	225743	240091	271232	167291	904357	7816	325	726	673	84	105	98	332	90	128	76	134	0	0	1	0	3	1	5	3	0
*	3p	+	5	208359	253467	275011	167514	904351	6707	397	698	640	69	89	97	354	80	111	73	125	2	1	3	1	5	3	4	7	0
*	3p	+	6	209287	252371	262663	179977	904298	5500	459	659	617	83	105	95	287	95	118	71	154	4	6	6	4	14	17	14	26	0
*	3p	+	7	212167	241680	273149	177303	904299	4931	580	764	671	83	88	97	292	111	102	52	124	15	11	20	14	17	12	19	23	0
*	3p	+	8	199416	252356	281312	171226	904310	4250	681	667	569	62	95	111	252	101	94	69	162	9	11	31	18	24	11	11	13	0
*	3p	+	9	197108	257470	263893	185850	904321	3339	774	617	612	75	116	111	234	102	126	80	155	24	10	27	8	13	4	12	20	0
*	3p	+	10	205975	245098	272053	181201	904327	3163	748	661	581	68	113	110	247	72	120	89	155	17	15	28	18	14	7	8	14	0
*	3p	+	11	190856	260022	278433	175018	904329	2853	766	639	635	64	80	108	242	61	91	68	145	5	15	27	16	8	6	8	18	0
*	3p	+	12	191869	261610	261076	189772	904327	2540	841	566	617	79	88	110	245	95	107	96	140	20	16	33	16	13	7	8	14	0
*	3p	+	13	203541	248473	270286	182028	904328	2258	739	718	581	71	93	105	214	94	95	65	178	19	20	27	18	12	6	12	12	0
*	3p	+	14	188875	262373	277746	175331	904325	2147	824	654	609	76	88	93	219	87	100	79	155	19	13	22	30	13	2	11	19	0
*	3p	+	15	190518	264136	260600	189078	904332	1887	793	604	654	73	78	99	211	81	98	76	186	17	16	21	22	8	2	10	16	0
*	3p	+	16	200365	251576	267471	184922	904334	1793	795	685	543	80	92	109	216	73	110	72	171	27	16	32	29	6	7	13	10	0
*	3p	+	17	185738	265854	275409	177319	904320	1769	916	620	568	81	105	94	222	94	101	71	196	19	23	35	31	14	13	10	13	0
*	3p	+	18	188976	265362	258385	191596	904319	1523	1002	660	626	66	88	103	250	85	93	88	146	24	15	29	33	8	13	7	19	0
*	3p	+	19	197976	252704	266102	187555	904337	1529	1040	698	589	76	100	87	188	65	103	88	151	20	10	40	34	8	8	9	8	0
*	3p	+	20	184712	267248	273005	179368	904333	1477	1224	658	557	67	95	93	211	79	96	82	171	17	14	45	29	6	10	6	15	0
*	3p	+	21	183892	268981	254681	196776	904330	1321	1399	628	624	69	68	100	230	79	116	59	186	18	24	36	31	5	12	11	10	0
*	3p	+	22	196188	253581	263601	190945	904315	1337	1511	637	620	77	92	101	185	81	88	76	166	24	17	47	34	12	12	14	17	0
*	3p	+	23	183254	267740	269223	184092	904309	1259	1797	648	604	71	81	91	229	69	88	66	186	24	20	38	18	13	18	13	16	0
*	3p	+	24	183592	268681	252200	199832	904305	1138	2009	676	656	78	86	111	202	90	113	87	167	18	24	36	36	13	17	13	20	0
*	3p	+	25	194729	255355	259599	194623	904306	1121	2304	681	628	78	100	87	250	66	131	74	200	15	17	37	30	4	28	16	16	0
*	3p	+	26	182220	269683	266460	185765	904128	1193	2845	624	606	88	587	111	279	93	137	110	833	51	13	34	149	10	195	18	17	0
*	3p	+	27	182797	267905	250974	201992	903668	958	3361	683	620	222	542	133	267	100	151	187	796	131	54	76	246	16	219	450	16	0
*	3p	+	28	193899	255171	258718	195609	903397	936	3566	725	652	234	686	123	266	100	126	211	927	145	45	81	323	12	515	433	13	0
*	3p	+	29	177806	271268	265441	188812	903327	997	4843	674	657	310	666	121	334	94	160	266	1011	134	47	104	334	52	544	434	12	0
*	3p	+	30	176377	272929	247804	206160	903270	966	6237	789	701	284	661	261	422	175	219	266	952	143	47	112	307	40	559	485	15	0
*	3p	+	31	173475	242235	235769	185331	836810	925	5679	789	687	272	739	303	340	184	225	282	901	172	39	95	269	47	604	444	13	0
*	3p	+	32	149444	235053	223979	165226	773702	862	5562	633	594	235	660	317	375	174	187	296	990	117	48	104	327	55	524	452	11	0
*	3p	+	33	138386	216325	194753	164747	714211	733	5305	636	615	269	595	309	366	180	185	252	884	119	39	87	288	44	530	461	10	0
*	3p	+	34	135016	190128	184040	146184	655368	685	4720	628	492	219	606	282	321	181	147	251	810	120	51	99	255	49	549	404	9	0
*	3p	+	35	116149	181995	173564	129320	601028	700	4689	494	501	224	560	309	292	147	148	229	815	110	45	76	251	42	488	362	13	0
*	3p	+	36	107156	167044	149383	127190	550773	545	4411	484	489	183	486	236	268	155	159	222	742	105	36	73	237	38	426	395	11	0
*	3p	+	37	103268	146896	139875	112625	502664	541	3911	493	380	189	486	257	289	119	155	203	666	116	36	69	202	46	440	328	9	0
*	3p	+	38	88033	140077	131781	98600	458491	484	3783	425	390	173	839	229	273	127	139	186	1171	126	28	73	221	48	522	279	12	0
*	3p	+	39	80801	126780	113644	97192	418417	417	3430	395	381	294	730	252	214	132	127	405	1073	149	19	61	266	39	462	451	7	0
*	3p	+	40	78023	110450	106104	85591	380168	379	3300	361	353	264	854	177	203	106	112	397	1201	172	22	48	294	37	568	368	8	0
*	3p	+	41	66279	105767	98917	74803	345766	554	3240	324	339	259	723	194	353	85	191	367	1137	136	11	59	300	97	530	319	10	0
*	3p	+	42	60587	94999	85899	73502	314987	442	2894	365	300	258	679	431	333	186	233	345	963	175	12	68	220	76	477	307	3	0
*	3p	+	43	58212	82729	79476	64223	284640	433	2541	384	265	210	640	370	333	177	199	264	960	162	8	61	251	83	463	287	7	0
*	3p	+	44	49548	77782	74122	55909	257361	360	2371	337	250	207	591	416	301	177	188	287	816	129	19	63	205	84	399	265	3	0
*	3p	+	45	45178	70396	63020	54318	232912	348	2058	285	234	179	552	383	219	167	177	237	741	134	13	42	184	69	352	253	3	0
*	3p	+	46	42499	61092	58547	47461	209599	330	1862	280	220	166	464	323	243	129	178	216	732	118	6	50	175	49	361	216	5	0
*	3p	+	47	36124	57442	54345	41295	189206	278	1656	306	186	163	441	333	227	133	138	227	626	89	10	53	183	54	298	209	7	0
*	3p	+	48	32555	51728	46597	39897	170777	220	1594	223	172	145	378	284	187	130	137	166	547	83	8	43	150	54	290	194	7	0
*	3p	+	49	31373	44727	42965	34613	153678	218	1395	181	158	122	364	227	198	105	101	160	526	72	6	26	120	59	246	148	4	0
*	3p	+	50	26292	42513	39694	30051	138550	221	1269	202	126	119	272	223	185	101	98	154	457	76	3	36	125	28	229	168	3	0
*	3p	+	51	24047	37812	33763	29283	124905	172	1150	157	116	95	287	212	137	81	99	130	395	56	8	24	99	44	225	148	3	0
*	3p	+	52	22989	32404	31319	25673	112385	164	999	164	120	85	231	177	148	72	98	118	370	52	10	21	100	33	196	116	3	0
*	3p	+	53	19338	30819	29062	22041	101260	151	882	141	84	64	260	158	103	72	72	101	350	52	7	18	98	31	153	112	2	0
*	3p	+	54	17642	27728	24580	21412	91362	151	847	145	88	82	194	151	100	68	72	108	314	70	1	30	70	19	169	112	0	0
*	3p	+	55	16884	24091	22890	18464	82329	141	713	106	65	60	209	131	74	58	61	100	268	38	3	21	77	26	136	94	1	0
*	3p	+	56	14374	22512	21168	16146	74200	117	634	84	87	61	156	108	89	48	70	74	230	37	1	17	61	28	130	77	0	0
*	3p	+	57	12816	20227	18122	15761	66926	90	611	101	66	54	153	104	86	56	78	77	220	29	5	8	53	26	99	67	1	0
*	3p	+	58	12176	17501	16617	13712	60006	89	527	66	54	56	138	88	78	44	51	69	175	39	3	12	67	14	92	60	0	0
*	3p	+	59	10357	16590	15372	11736	54055	79	521	73	54	34	126	84	66	49	42	65	174	28	3	14	37	22	86	48	0	0
*	3p	+	60	9387	14777	13170	11302	48636	64	477	72	50	41	164	80	47	29	35	58	183	16	3	9	32	15	70	50	0	0
*	3p	+	61	8980	12723	12183	9943	43829	64	356	62	60	55	170	64	55	25	41	93	216	16	1	13	24	13	58	25	0	0
*	3p	+	62	7558	11972	11323	8745	39598	62	412	55	54	64	145	67	46	27	24	73	202	11	0	10	19	16	43	26	1	0
*	3p	+	63	6897	10801	9639	8521	35858	87	373	47	52	38	147	51	77	24	55	56	182	8	2	11	13	11	29	21	1	0
*	3p	+	64	6754	9382	8927	7399	32462	91	314	61	53	44	118	92	74	51	69	56	151	10	1	3	19	9	31	12	0	0
*	3p	+	65	5613	8910	8218	6510	29251	79	296	57	53	35	98	80	56	46	33	60	123	5	0	6	10	4	18	13	1	0
*	3p	+	66	5131	7943	7077	6220	26371	74	275	67	35	28	94	60	40	41	47	40	154	3	0	5	9	5	25	10	0	0
*	3p	+	67	4993	6887	6487	5278	23645	59	214	53	32	38	90	55	53	34	35	43	106	3	0	1	12	2	25	14	0	0
*	3p	+	68	4040	6406	6075	4775	21296	54	234	47	32	27	76	65	26	41	31	40	108	6	0	1	11	3	27	19	1	0
*	3p	+	69	3817	5926	5090	4447	19280	56	192	26	28	17	70	46	40	26	25	28	104	5	0	0	9	8	22	9	3	0
*	3p	+	70	3534	5167	4836	3876	17413	36	178	35	30	20	56	31	27	39	26	39	92	9	1	4	3	5	8	12	1	0
*	3p	-	1	219722	209988	310644	151926	892280	20171	453	977	575	125	159	547	595	313	288	260	279	0	0	0	0	0	0	0	0	0
*	3p	-	2	200326	255600	278682	157664	892272	14794	380	767	662	117	103	366	384	246	245	178	209	0	0	0	0	0	0	0	0	0
*	3p	-	3	199073	263852	255199	174140	892264	8708	391	665	736	93	101	203	324	168	176	96	124	1	1	0	0	2	0	8	4	0
*	3p	-	4	212928	244180	261888	173247	892243	7574	328	695	660	75	107	107	340	106	131	72	137	3	0	5	4	6	11	10	11	0
*	3p	-	5	200263	256096	264625	171233	892217	6331	365	675	656	86	84	100	365	90	117	74	155	4	11	8	10	20	9	16	20	0
*	3p	-	6	199207	254541	256004	182458	892210	5276	408	685	691	69	75	89	313	113	124	62	136	9	12	14	20	13	15	25	16	0
*	3p	-	7	203627	244713	264153	179716	892209	4591	589	659	631	60	91	112	277	96	110	91	173	24	25	26	24	28	7	16	22	0
*	3p	-	8	193939	254617	271678	171992	892226	4050	666	629	578	69	92	119	224	108	104	63	156	13	29	28	28	14	7	14	20	0
*	3p	-	9	190229	258176	257973	185848	892226	3408	751	612	681	62	78	119	247	109	128	73	161	17	23	33	31	16	10	21	8	0
*	3p	-	10	199943	247610	263382	181306	892241	3161	768	628	581	71	87	90	246	93	101	86	147	17	22	22	33	9	7	16	9	0
*	3p	-	11	188259	258333	270584	175067	892243	2827	761	694	591	67	91	106	214	97	78	63	172	12	15	24	30	8	7	11	12	0
*	3p	-	12	186961	261442	255559	188285	892247	2331	784	682	605	56	85	94	221	103	99	68	145	12	28	19	28	6	8	11	10	0
*	3p	-	13	198528	248455	262260	183001	892244	2228	753	683	573	85	106	88	210	73	95	71	168	17	19	26	19	8	6	14	10	0
*	3p	-	14	187204	260176	268972	175895	892247	2047	750	621	572	64	71	78	226	87	99	71	184	13	15	29	32	10	4	12	9	0
*	3p	-	15	186625	263130	254719	187760	892234	1824	827	656	637	63	88	112	253	87	110	69	183	16	18	25	25	13	11	9	15	0
*	3p	-	16	195840	251065	260274	185058	892237	1744	801	654	642	66	99	95	227	101	99	66	148	24	13	27	32	13	11	10	11	0
*	3p	-	17	184969	262262	267879	177133	892243	1665	921	651	558	61	87	92	227	80	99	70	166	17	15	13	32	10	8	13	7	0
*	3p	-	18	184407	264497	253964	189370	892238	1475	1009	649	614	56	88	102	208	87	99	84	174	20	20	38	26	9	15	11	9	0
*	3p	-	19	193514	252070	259827	186829	892240	1519	1024	633	605	55	87	77	187	79	98	69	167	15	22	33	49	6	11	12	13	0
*	3p	-	20	182457	263032	266361	180388	892238	1454	1243	641	588	52	83	96	207	78	89	72	184	19	26	28	39	10	12	9	11	0
*	3p	-	21	180765	266536	251060	193867	892228	1336	1430	662	604	67	66	96	215	87	107	91	194	21	31	30	52	8	17	19	9	0
*	3p	-	22	191839	252945	258070	189368	892222	1372	1465	659	586	56	88	90	197	76	123	84	172	14	23	24	35	8	25	16	11	0
*	3p	-	23	181485	265425	263262	182030	892202	1242	1847	651	549	68	82	104	202	77	110	77	172	16	22	33	34	9	41	19	10	0
*	3p	-	24	180148	266921	249262	195757	892088	1065	2124	613	663	60	67	103	206	96	138	72	186	24	25	38	49	11	111	62	9	0
*	3p	-	25	190827	254499	253653	192866	891845	1159	2295	664	649	61	109	83	198	105	129	85	208	54	32	37	99	17	259	148	13	0
*	3p	-	26	180302	265692	260371	184866	891231	1065	2765	640	573	62	248	123	203	113	127	84	405	158	29	61	307	13	836	189	12	0
*	3p	-	27	178073	268152	246849	198131	891205	996	3335	638	634	279	334	99	218	93	153	466	465	210	58	58	307	14	875	170	18	0
*	3p	-	28	188391	255390	253370	193913	891064	934	3689	691	677	309	560	110	205	114	161	482	704	211	57	55	354	10	1005	189	13	0
*	3p	-	29	176293	268016	259885	186914	891108	1004	4957	678	667	348	560	126	345	103	197	544	781	188	40	62	358	12	1002	152	7	0
*	3p	-	30	172965	271364	245219	201675	891223	919	6379	717	722	383	605	282	359	164	226	632	769	189	63	85	317	13	897	143	6	0
*	3p	-	31	165697	245269	227426	187913	826305	890	5815	739	643	318	666	307	385	170	247	524	772	188	46	57	328	3	867	142	12	0
*	3p	-	32	144002	235912	215916	168120	763950	830	5761	654	567	349	549	300	369	166	229	486	771	134	52	41	313	9	902	172	16	0
*	3p	-	33	131487	218168	189303	166102	705060	693	5557	599	582	322	511	339	324	202	240	487	696	196	40	48	271	10	878	138	6	0
*	3p	-	34	127942	192039	176911	150038	646930	710	5010	577	520	285	521	314	329	174	215	478	650	154	42	49	262	13	749	130	9	0
*	3p	-	35	110818	183613	166612	131896	592939	673	4777	520	463	292	472	284	295	160	191	453	624	154	32	45	237	5	724	121	7	0
*	3p	-	36	100781	168449	145167	129087	543484	593	4505	457	444	268	430	298	321	171	187	416	543	153	29	46	246	10	708	112	5	0
*	3p	-	37	97803	148002	134498	115654	495957	483	4053	465	395	229	455	232	252	135	140	349	531	141	29	33	244	4	699	126	10	0
*	3p	-	38	84115	140682	126775	100742	452314	458	3817	390	361	216	671	239	267	144	179	333	858	181	21	64	309	10	909	117	7	0
*	3p	-	39	76469	128041	109994	98045	412549	395	3476	326	419	302	710	224	224	138	139	601	782	191	14	40	278	9	845	206	8	0
*	3p	-	40	73804	111956	101908	87362	375030	378	3360	348	366	263	842	188	217	102	141	563	1037	179	12	38	255	10	776	202	5	0
*	3p	-	41	63304	105679	96148	76171	341302	557	3152	302	341	258	762	205	394	127	218	528	1017	141	11	36	246	8	713	202	5	0
*	3p	-	42	57650	96599	83184	73450	310883	464	2971	375	317	250	688	428	351	170	237	470	845	170	15	38	222	9	657	171	4	0
*	3p	-	43	55103	83647	76781	65398	280929	429	2525	381	284	226	676	459	354	214	221	393	883	145	5	45	248	9	582	148	4	0
*	3p	-	44	47150	78783	71039	57081	254053	429	2400	342	249	225	565	415	325	161	188	412	730	153	6	49	182	16	556	114	4	0
*	3p	-	45	42675	71182	61508	54571	229936	374	2165	315	226	203	554	369	283	173	169	372	633	140	10	55	201	15	465	129	5	0
*	3p	-	46	40689	61775	56462	48255	207181	337	1947	279	206	160	542	315	302	165	179	315	641	118	11	36	213	17	423	98	2	0
*	3p	-	47	34726	57985	52134	42124	186969	328	1762	266	177	174	357	335	253	152	147	326	566	94	10	34	154	4	391	105	4	0
*	3p	-	48	31358	52177	45116	40189	168840	287	1584	213	161	130	344	273	229	124	127	240	521	108	9	32	168	6	376	76	0	0
*	3p	-	49	29892	45273	41279	35424	151868	233	1479	207	158	134	380	229	196	106	143	245	467	101	8	34	144	7	314	78	1	0
*	3p	-	50	25241	42463	38295	30814	136813	192	1272	201	143	128	326	238	203	114	97	229	422	74	9	29	134	9	285	77	1	0
*	3p	-	51	22713	38539	33084	29164	123500	204	1215	149	127	108	278	198	145	96	89	218	361	57	3	30	115	7	260	62	0	0
*	3p	-	52	21574	33181	30571	25694	111020	177	1016	129	114	95	271	155	147	76	105	167	337	66	5	17	107	5	233	50	0	0
*	3p	-	53	18440	31032	28132	22505	100109	156	930	153	106	80	232	182	132	71	75	173	292	43	4	17	96	7	205	49	4	0
*	3p	-	54	16444	28098	24057	21664	90263	137	848	104	69	73	205	175	103	74	68	156	258	61	2	20	70	1	187	46	0	0
*	3p	-	55	15862	24229	22332	18923	81346	122	742	101	78	67	207	135	96	66	72	138	232	47	5	16	56	5	162	37	3	0
*	3p	-	56	13449	22793	20523	16555	73320	96	681	105	77	58	173	120	110	54	60	105	208	29	4	14	48	5	163	38	3	0
*	3p	-	57	12391	20618	17396	15761	66166	87	622	104	63	62	136	122	76	45	55	100	179	34	2	15	42	5	149	30	3	0
*	3p	-	58	11633	17727	16178	13974	59512	83	548	84	63	57	152	91	82	42	60	95	167	38	1	13	33	3	138	23	1	0
*	3p	-	59	9971	16663	15200	11912	53746	90	491	66	33	49	123	68	59	41	38	103	160	36	3	14	40	6	108	19	1	0
*	3p	-	60	9009	14973	13079	11497	48558	73	387	66	39	35	172	65	56	35	40	83	234	16	2	15	23	2	69	15	1	0
*	3p	-	61	8479	13218	11875	10145	43717	83	404	43	67	57	174	61	55	29	29	101	191	14	0	9	24	4	69	19	0	0
*	3p	-	62	7368	12387	11153	8622	39530	60	441	50	50	57	156	79	49	27	25	88	186	10	0	1	16	2	43	17	1	0
*	3p	-	63	6721	10934	9696	8456	35807	90	356	48	56	44	140	46	89	27	65	60	176	15	0	6	10	2	53	7	0	0
*	3p	-	64	6559	9540	8865	7425	32389	71	326	68	48	36	139	83	72	51	55	71	141	16	4	5	14	2	36	14	2	0
*	3p	-	65	5355	9151	8176	6456	29138	59	281	58	47	33	111	82	46	40	37	72	131	8	1	7	16	4	31	8	1	0
*	3p	-	66	4879	8076	6973	6385	26313	68	280	47	31	25	97	61	55	46	28	56	134	10	0	9	11	1	27	6	2	0
*	3p	-	67	4625	6989	6520	5493	23627	63	221	55	30	29	101	53	50	33	47	44	104	7	1	0	17	1	25	11	0	0
*	3p	-	68	4001	6576	5911	4763	21251	51	203	48	33	26	83	59	43	30	29	51	94	1	0	5	11	2	32	3	1	0
*	3p	-	69	3580	5913	5110	4606	19209	40	213	45	36	22	75	41	31	26	31	29	79	5	0	3	9	1	16	9	0	0
*	3p	-	70	3374	5259	4652	4056	17341	47	178	36	25	26	66	43	40	30	26	41	88	6	0	6	6	2	14	5	1	0
*	5p	+	1	148975	310775	227017	217602	904369	360	20584	3678	934	318	267	7024	281	3177	151	582	615	0	0	0	0	0	0	0	0	65
*	5p	+	2	174687	278418	253171	196697	902973	4682	15023	688	739	251	184	211	5322	137	3270	420	342	1	0	137	161	1374	13	1	7	62
*	5p	+	3	172010	253850	261586	209472	896918	375	12714	763	625	158	3015	112	133	94	88	250	4794	302	79	192	113	11	7353	73	14	4
*	5p	+	4	173092	270991	243982	207573	895638	429	7588	772	2492	4258	233	173	252	119	205	4878	405	317	14	597	667	11	56	8638	26	0
*	5p	+	5	178173	260210	265270	196503	900156	721	7629	792	674	632	11022	300	535	217	361	755	14751	1612	50	293	2589	26	4090	65	31	0
*	5p	+	6	184483	260466	258006	200550	903505	696	6031	746	646	114	2555	190	425	172	274	141	2990	919	352	182	2394	38	445	347	33	0
*	5p	+	7	180575	269983	247833	205426	903817	590	4888	675	648	103	323	79	143	54	65	111	701	165	30	74	422	17	469	46	19	0
*	5p	+	8	174811	275249	258336	195871	904267	850	4228	643	638	83	115	133	330	132	168	100	254	111	16	67	78	17	42	25	18	0
*	5p	+	9	188816	261985	260721	192775	904297	835	3453	718	613	91	98	81	157	67	66	79	218	15	19	40	29	14	26	13	20	0
*	5p	+	10	183806	267852	250588	202069	904315	954	3156	710	599	89	118	171	368	136	233	88	224	16	12	36	35	8	17	18	11	0
*	5p	+	11	178293	273849	261174	191007	904323	783	2827	631	593	65	75	65	160	62	75	85	176	19	11	38	35	5	5	16	16	0
*	5p	+	12	190905	259017	263837	190564	904323	841	2304	660	584	76	89	77	141	57	68	98	184	17	14	45	25	8	16	10	11	0
*	5p	+	13	185500	267053	251506	200271	904330	781	2155	600	622	67	64	92	168	51	81	74	159	17	20	36	17	4	11	9	16	0
*	5p	+	14	178750	272538	263580	189457	904325	857	2042	659	596	61	103	68	162	52	75	83	174	19	18	25	23	6	10	15	13	0
*	5p	+	15	190440	259113	265137	189641	904331	852	1775	629	612	78	74	62	169	51	77	75	168	11	14	36	22	8	11	11	8	0
*	5p	+	16	186385	266198	254209	197532	904324	999	1765	730	633	94	125	153	326	127	182	90	225	14	12	48	28	12	7	13	13	0
*	5p	+	17	180564	271217	266648	185900	904329	1030	1683	642	603	73	111	111	241	100	117	88	216	20	18	28	34	11	7	9	14	0
*	5p	+	18	191486	258235	266762	187856	904339	1009	1576	713	604	68	106	92	195	80	84	69	186	20	13	23	24	9	7	4	11	0
*	5p	+	19	188964	265069	255305	194988	904326	1039	1338	659	611	81	75	88	170	56	85	54	161	15	22	34	23	11	10	7	15	0
*	5p	+	20	183427	269828	266877	184200	904332	1303	1313	618	645	78	61	79	160	54	84	87	152	29	17	35	25	11	7	9	10	0
*	5p	+	21	196933	254544	268914	183936	904327	1492	1262	656	562	68	95	79	168	54	70	76	145	28	21	37	30	11	10	7	15	0
*	5p	+	22	191617	262104	257060	193540	904321	1577	1261	605	594	63	80	72	176	65	74	76	152	21	17	39	33	12	9	14	14	0
*	5p	+	23	185440	266995	269108	182783	904326	1818	1199	616	630	63	51	78	170	57	68	69	141	24	22	36	31	10	8	12	14	0
*	5p	+	24	199500	252557	269528	182744	904329	2248	1105	714	563	77	102	125	295	95	134	85	174	20	16	41	33	7	8	11	14	0
*	5p	+	25	194440	258324	258985	192572	904321	2326	1000	652	622	71	80	92	200	70	81	82	149	21	15	52	34	12	10	9	18	0
*	5p	+	26	188377	264222	269449	182276	904324	2949	1039	659	613	83	107	121	263	94	130	92	191	14	23	36	26	15	11	7	13	0
*	5p	+	27	201793	250608	270057	181864	904322	3427	1030	650	630	72	242	130	319	215	190	88	320	23	16	43	29	11	10	11	16	0
*	5p	+	28	197539	256782	259672	190336	904329	3593	847	676	659	73	83	88	218	65	103	74	147	17	13	28	21	13	12	7	9	0
*	5p	+	29	190798	263725	271422	178396	904341	4640	834	633	582	76	71	113	231	69	77	79	153	15	15	25	28	6	6	6	11	0
*	5p	+	30	205649	248447	274785	175449	904330	6272	779	737	579	102	134	231	335	140	158	110	191	22	13	30	22	11	8	8	13	0
*	5p	+	31	190774	230866	249354	166892	837886	5726	685	640	572	85	86	131	238	85	102	78	128	9	13	17	20	6	3	7	17	0
*	5p	+	32	171937	217579	240715	144478	774709	5778	592	560	517	76	71	119	219	84	75	79	145	8	17	20	18	15	6	7	6	0
*	5p	+	33	169810	191108	220819	133483	715220	5533	572	575	470	80	104	137	236	106	127	75	172	14	10	25	20	14	3	5	13	0
*	5p	+	34	152090	179775	195609	128869	656343	4777	498	560	493	55	43	105	161	55	80	71	90	5	8	23	14	7	10	8	8	0
*	5p	+	35	135085	168274	187084	111465	601908	4690	489	451	424	44	74	114	255	86	108	63	132	10	8	16	14	7	5	7	6	0
*	5p	+	36	131689	146309	171050	102575	551623	4294	400	440	361	45	69	105	157	59	62	47	97	6	10	17	12	5	3	3	10	0
*	5p	+	37	117543	136435	151147	98340	503465	3928	365	408	326	47	65	85	187	54	83	56	83	7	5	12	8	3	4	7	8	0
*	5p	+	38	103875	127776	143267	84420	459338	3806	337	321	284	39	27	81	151	64	53	57	68	5	6	11	14	1	3	3	8	0
*	5p	+	39	101030	110858	130024	77441	419353	3433	307	370	308	40	43	67	119	63	45	45	60	6	8	14	11	4	6	7	5	0
*	5p	+	40	88569	104138	114323	74109	381139	3161	244	287	290	35	42	87	145	45	59	41	75	4	3	12	17	3	2	3	3	0
*	5p	+	41	78724	96446	107959	63583	346712	2988	258	263	263	31	40	56	102	46	48	37	53	1	4	7	5	2	3	3	3	0
*	5p	+	42	75948	83593	98363	57932	315836	2857	214	275	206	36	32	66	115	30	42	44	45	7	0	9	4	0	4	3	6	0
*	5p	+	43	67153	77212	85977	55130	285472	2426	196	245	211	36	48	63	136	46	66	25	83	6	4	9	7	0	3	1	4	0
*	5p	+	44	58611	72042	80543	46910	258106	2238	211	231	165	21	42	69	111	67	51	36	58	3	0	3	5	3	2	1	1	0
*	5p	+	45	56680	61579	72374	42939	233572	2123	156	187	166	21	28	25	80	34	30	28	32	3	2	6	8	4	5	1	6	0
*	5p	+	46	49398	56770	63497	40556	210221	1800	145	159	165	27	27	36	61	31	23	34	33	4	4	3	8	2	3	0	3	0
*	5p	+	47	43505	52387	59263	34609	189764	1660	130	132	131	19	19	44	57	16	24	28	33	4	2	5	2	3	4	1	2	0
*	5p	+	48	41637	45243	52985	31447	171312	1474	106	155	111	21	15	41	48	14	26	11	37	3	5	6	1	5	0	4	1	0
*	5p	+	49	36590	41540	46482	29512	154124	1280	77	134	100	16	10	29	48	23	23	15	29	5	1	1	5	2	1	4	4	0
*	5p	+	50	32075	38101	43479	25321	138976	1251	94	113	100	16	14	27	42	11	14	12	16	1	2	3	2	1	0	0	2	0
*	5p	+	51	30242	32703	39145	23229	125319	1159	67	96	78	17	15	21	48	18	23	18	15	0	1	2	2	1	1	2	2	0
*	5p	+	52	26641	30577	33896	21611	112725	974	73	104	82	12	10	37	48	16	21	22	23	1	1	1	3	0	4	3	2	0
*	5p	+	53	23284	28055	31779	18437	101555	922	72	84	76	13	12	21	35	10	9	12	19	2	2	1	3	1	2	0	0	0
*	5p	+	54	22121	24496	28265	16777	91659	747	66	68	69	6	5	16	24	13	8	11	11	3	2	2	2	2	0	1	0	0
*	5p	+	55	19485	22388	24791	15917	82581	665	45	75	62	7	8	17	29	7	23	9	12	2	0	1	1	2	1	0	2	0
*	5p	+	56	16826	20723	23302	13577	74428	622	63	42	47	8	8	10	22	9	16	12	15	0	1	1	3	1	2	1	3	0
*	5p	+	57	16202	17641	20981	12291	67115	576	43	56	34	10	8	4	24	7	11	9	12	0	0	1	2	2	0	1	1	0
*	5p	+	58	14218	16300	18139	11510	60167	523	35	50	44	5	7	18	36	15	17	4	11	1	2	1	1	0	1	4	0	0
*	5p	+	59	12371	14842	17119	9877	54209	447	34	53	35	7	9	8	15	4	7	14	11	0	0	1	1	1	0	1	1	0
*	5p	+	60	11790	12926	15105	8946	48767	386	40	36	44	3	5	14	19	8	6	7	9	1	1	1	0	3	0	1	0	0
*	5p	+	61	10340	11945	13321	8315	43921	366	31	28	30	4	6	6	12	7	6	6	3	1	0	1	0	1	0	1	1	0
*	5p	+	62	9138	10825	12342	7378	39683	333	18	32	24	4	5	6	13	8	4	4	7	1	1	1	0	1	0	0	0	0
*	5p	+	63	8604	9695	11077	6542	35918	325	16	23	21	5	8	13	10	3	3	2	6	1	2	2	2	2	0	0	0	0
*	5p	+	64	7655	8810	9866	6181	32512	289	22	21	24	7	3	11	19	6	0	5	7	0	1	1	1	1	1	0	0	0
*	5p	+	65	6649	8107	9228	5301	29285	256	24	29	19	5	3	15	16	4	9	8	8	1	0	1	0	0	0	0	1	0
*	5p	+	66	6364	6885	8303	4858	26410	229	21	17	14	2	1	9	9	1	3	3	5	0	0	2	0	0	1	0	0	0
*	5p	+	67	5600	6466	7040	4579	23685	191	17	20	11	2	2	1	6	2	3	4	3	2	1	0	0	0	1	0	0	0
*	5p	+	68	4845	5950	6628	3922	21345	173	14	14	16	6	2	7	4	3	3	6	2	1	1	0	1	1	0	0	0	0
*	5p	+	69	4639	5045	6150	3487	19321	176	11	14	12	1	2	3	3	0	3	2	1	0	0	0	0	0	1	0	0	0
*	5p	+	70	4110	4647	5334	3348	17439	143	12	8	18	1	1	3	13	4	2	1	4	0	0	0	0	0	0	0	0	0
*	5p	-	1	123322	328220	208715	232024	892281	369	21655	3713	988	257	195	7280	280	3267	149	491	492	0	0	0	0	0	0	0	0	42
*	5p	-	2	164070	281588	247156	199359	892173	5101	15485	601	778	192	157	171	5860	130	3654	355	320	0	1	249	264	107	1	0	0	42
*	5p	-	3	164262	252283	253860	220883	891288	361	13344	676	641	152	6548	97	130	94	108	257	7010	343	8	1	173	2	986	2	2	3
*	5p	-	4	163162	278516	239492	210458	891628	449	7526	654	2349	5864	138	171	240	159	206	10485	349	52	0	24	158	2	21	630	1	0
*	5p	-	5	166730	261292	251227	200430	879679	696	8544	758	613	172	9023	271	455	241	335	184	11153	75	12	8	87	25	12447	111	20	0
*	5p	-	6	178363	257694	248885	201401	886343	659	5655	730	628	80	253	186	404	155	307	106	528	2781	289	333	3836	43	3531	2330	33	0
*	5p	-	7	173464	269836	239807	206357	889464	559	4734	674	606	57	85	63	135	60	87	110	230	712	35	264	1893	33	1950	802	32	0
*	5p	-	8	169199	276737	250801	194735	891472	833	4190	701	617	70	110	148	293	110	172	110	249	271	138	141	344	11	670	106	23	0
*	5p	-	9	183274	261494	252082	195134	891984	732	3387	639	603	74	75	65	128	59	77	83	215	62	30	75	110	11	219	54	14	0
*	5p	-	10	177050	268961	243999	202139	892149	927	3216	665	621	75	110	165	309	149	268	77	217	26	27	40	42	8	68	47	10	0
*	5p	-	11	173100	274878	255416	188800	892194	764	2676	659	629	48	75	64	167	57	73	98	176	18	21	31	27	9	43	24	7	0
*	5p	-	12	187421	258132	256747	189933	892233	799	2321	661	618	56	63	68	169	70	68	90	199	15	14	22	22	3	18	19	9	0
*	5p	-	13	179735	266828	245238	200427	892228	778	2225	630	634	66	74	75	142	85	67	75	183	20	11	22	26	10	10	20	14	0
*	5p	-	14	174392	272141	259174	186527	892234	787	2025	630	615	56	69	82	136	50	74	76	199	15	25	29	19	6	8	27	7	0
*	5p	-	15	187391	257096	258953	188798	892238	859	1818	642	591	53	74	63	132	63	63	77	146	18	17	31	22	4	11	15	14	0
*	5p	-	16	182030	266333	247616	196252	892231	1007	1787	643	658	63	111	133	311	137	201	77	225	17	24	21	27	12	11	12	14	0
*	5p	-	17	176345	269763	262666	183471	892245	1039	1625	632	580	63	98	118	263	93	114	75	208	15	25	21	37	12	5	11	8	0
*	5p	-	18	190194	254141	260573	187325	892233	1044	1443	695	541	65	77	97	196	83	105	98	190	23	29	34	52	16	6	17	10	0
*	5p	-	19	184892	264336	249039	193983	892250	1000	1441	590	605	51	62	84	182	53	77	70	175	22	17	28	42	6	9	11	6	0
*	5p	-	20	179499	268446	262703	181586	892234	1227	1425	629	551	51	83	70	159	63	88	89	158	23	21	27	36	13	16	11	7	0
*	5p	-	21	194163	252288	263397	182395	892243	1435	1250	704	566	79	73	61	169	70	78	72	153	9	18	29	27	11	4	10	13	0
*	5p	-	22	186855	262125	250619	192636	892235	1508	1216	617	582	66	79	78	157	89	82	72	159	18	20	30	49	13	12	10	12	0
*	5p	-	23	183189	265714	263969	179371	892243	1774	1186	624	626	57	56	87	163	74	71	69	157	19	29	36	38	10	12	12	5	0
*	5p	-	24	197427	250152	262789	181866	892234	2117	1093	670	561	79	80	123	305	112	155	76	160	22	24	28	35	8	14	15	11	0
*	5p	-	25	190650	257307	251985	192282	892224	2194	1038	613	648	41	82	74	159	74	71	74	163	18	26	39	42	19	8	16	15	0
*	5p	-	26	184222	262524	265813	179663	892222	2937	1012	630	623	64	95	135	297	98	158	79	187	13	24	37	27	13	14	20	12	0
*	5p	-	27	200161	248008	263655	180405	892229	3221	1058	715	662	68	225	119	311	227	163	68	319	12	31	28	37	11	18	12	12	0
*	5p	-	28	193224	256922	252625	189454	892225	3472	821	639	636	76	71	87	234	84	100	88	151	15	15	40	26	21	11	15	10	0
*	5p	-	29	187889	261870	267200	175275	892234	4587	772	639	632	59	67	106	216	96	99	78	151	16	12	23	34	12	13	10	13	0
*	5p	-	30	203450	245426	268470	174894	892240	6055	762	813	594	87	118	203	366	177	170	114	194	13	24	25	25	9	6	18	9	0
*	5p	-	31	182310	234300	239602	171076	827288	5429	639	603	604	50	77	126	258	109	111	86	175	16	13	26	27	8	9	17	9	0
*	5p	-	32	164600	220846	232221	147351	765018	5366	607	601	471	61	67	141	224	88	102	78	134	12	15	21	19	8	3	8	13	0
*	5p	-	33	163171	191597	212742	138550	706060	5062	564	559	510	63	82	127	259	101	118	79	145	14	13	21	27	8	5	5	14	0
*	5p	-	34	144055	181793	188526	133415	647789	4533	544	465	482	62	66	107	191	82	65	64	98	13	11	19	18	16	5	12	8	0
*	5p	-	35	128229	170905	181050	113581	593765	4382	449	431	400	54	48	137	265	92	128	56	103	8	15	24	22	6	6	8	9	0
*	5p	-	36	126961	147379	164544	105396	544280	4165	430	446	420	39	46	88	148	65	64	58	74	9	15	21	23	7	7	10	13	0
*	5p	-	37	111277	139212	144646	101635	496770	3662	383	400	370	52	50	85	202	69	93	67	78	7	9	9	18	7	6	7	5	0
*	5p	-	38	98383	129213	138973	86778	453347	3510	353	321	280	31	37	98	131	58	51	46	85	4	12	15	9	3	0	1	5	0
*	5p	-	39	96404	111515	125485	80195	413599	3249	297	343	292	36	49	60	102	36	62	53	69	12	5	14	13	3	5	6	2	0
*	5p	-	40	85079	104714	109609	76598	376000	2812	284	317	283	49	56	95	164	68	76	29	77	8	8	9	16	1	6	7	6	0
*	5p	-	41	75420	97767	104053	64978	342218	2754	240	242	230	32	43	60	106	48	42	32	58	4	3	14	14	3	5	1	4	0
*	5p	-	42	73410	84297	94303	59704	311714	2574	220	234	204	34	28	43	104	55	36	28	47	6	2	14	17	3	0	3	3	0
*	5p	-	43	63682	78750	82221	57005	281658	2301	199	228	217	26	29	77	142	55	65	40	53	7	5	5	6	5	1	4	4	0
*	5p	-	44	56591	72078	77722	48334	254725	2104	181	218	201	27	35	72	116	50	52	40	58	4	5	6	4	7	3	6	2	0
*	5p	-	45	54244	62094	69901	44291	230530	1946	127	176	159	24	16	45	73	31	31	32	42	5	5	6	7	11	3	2	4	0
*	5p	-	46	46965	58073	60683	41989	207710	1686	164	144	151	26	32	43	57	34	33	31	36	0	4	9	6	0	0	6	4	0
*	5p	-	47	41524	52828	57452	35661	187465	1586	123	147	120	22	11	45	64	25	30	23	37	6	5	2	2	2	2	5	0	0
*	5p	-	48	40170	45547	51003	32568	169288	1396	93	128	115	24	11	38	50	25	26	19	25	3	3	3	1	1	2	6	1	0
*	5p	-	49	34891	42227	44699	30446	152263	1238	92	93	123	27	17	24	42	21	22	22	25	2	2	1	2	1	1	1	2	0
*	5p	-	50	30595	38735	41995	25853	137178	1164	85	103	100	7	13	28	43	13	19	14	29	2	1	0	6	2	2	3	0	0
*	5p	-	51	29344	33386	37346	23745	123821	1010	78	73	88	17	16	32	42	25	23	18	23	2	6	3	4	2	5	0	1	0
*	5p	-	52	25343	31130	32416	22415	111304	863	85	84	78	16	18	20	53	26	39	13	27	4	4	3	7	2	1	0	1	0
*	5p	-	53	22322	28391	30814	18842	100369	856	68	75	58	15	7	22	33	12	23	10	16	1	3	2	2	1	1	3	0	0
*	5p	-	54	21357	24124	27634	17379	90494	728	59	78	60	5	9	19	31	11	15	6	12	1	1	0	5	1	1	0	1	0
*	5p	-	55	18755	22556	24019	16220	81550	646	67	61	53	5	9	16	35	12	6	8	3	0	2	1	1	0	0	1	1	0
*	5p	-	56	16504	20808	22434	13783	73529	575	40	58	58	9	6	16	18	3	9	16	13	1	0	3	1	0	0	0	0	0
*	5p	-	57	15864	17762	20026	12698	66350	566	63	48	66	4	3	11	16	12	5	7	13	0	1	1	1	0	1	1	0	0
*	5p	-	58	13795	16414	17597	11868	59674	447	37	38	37	11	6	11	28	13	11	10	11	0	1	1	1	0	0	1	2	0
*	5p	-	59	11950	15254	16449	10226	53879	415	34	43	39	5	7	11	21	6	5	7	6	1	2	2	1	0	0	0	0	0
*	5p	-	60	11554	12912	14879	9299	48644	393	30	40	43	1	5	7	15	10	12	6	6	0	1	1	0	0	0	0	1	0
*	5p	-	61	10007	12091	12941	8768	43807	336	28	42	27	2	4	7	9	4	4	10	5	1	2	0	2	0	1	1	0	0
*	5p	-	62	8770	11180	12236	7406	39592	317	23	28	27	5	1	11	10	7	6	3	4	1	2	3	2	1	0	0	0	0
*	5p	-	63	8528	9680	10814	6846	35868	279	24	32	25	2	3	9	8	4	4	5	6	1	0	0	3	1	0	0	0	0
*	5p	-	64	7397	9154	9517	6374	32442	263	26	33	23	1	3	10	12	16	8	1	6	1	1	1	2	0	0	0	1	0
*	5p	-	65	6425	8251	9076	5430	29182	231	29	21	30	3	6	10	19	6	6	3	9	0	1	0	0	0	0	0	0	0
*	5p	-	66	6336	6991	8070	4952	26349	229	11	21	15	3	0	1	11	3	3	2	3	1	0	0	0	0	0	0	0	0
*	5p	-	67	5501	6458	6963	4740	23662	181	16	17	22	5	1	5	7	3	3	3	2	0	0	1	0	1	0	1	0	0
*	5p	-	68	4739	5881	6589	4077	21286	185	12	7	14	0	0	5	5	3	3	4	8	0	1	0	2	0	0	0	3	0
*	5p	-	69	4482	5163	5837	3751	19233	159	10	18	5	2	2	3	6	1	3	5	3	1	0	0	1	0	0	0	2	0
*	5p	-	70	3955	4748	5139	3520	17362	138	14	14	5	6	3	5	3	2	1	4	3	0	0	0	1	0	0	0	0	0
